241
college-dictaat van ondersoheidene studenten (Dogmatiek).

Woord 611 niet-Gods-Woord 111 (16 86111111, 111661· 211 11116101111611 (1611161111 .,(10(16
W001·d.’⁷ Tot hun tijd 106 1161·61011(1 111611 61· 011(161·; 1161 6611166 Woord (10(16,
611111·61161111·661 101 0116 6611166111. Μ661· 211 2666611; 61· 21111 11161· 1100111611 Gods
111. 111 (16 namur, (16 schrift, (16 111610116 611 111 (16 conscientie. Deze 6116 21111
6611 6161111116 (10(16. We] 61611611 zi] (16 86111111 616 (1111(161111161· 611 1100661, 111661
10611 1161661111 111 11762611 16 61· 11161. Ζο0 11166611611 211 (16 61611261] 1111661· 1111. Ζ11
eindigden 1611 610116 11161 (16 61110111611 (161 86111111 16 61611611 1,»611611611 (116 (161·
61161616. Ζ11 111611611 6611 1111166(1611 Β111)61; 1111. Grod (1061 11(10’1111612611(161106 66116;
God 1661 110011 1616 11161ς611, 111661· (1061 1161 61061611 Gna—mm 111111611101κ0111611
61110111611 1162111611(16 11116111611611.

1)6 11001ᾱ2661ῑ 11661011 (16 66116616 116111611161116 (161· 1161-1661111160 S. 8. 6661110611,
kan afgedaan 11161 66116 ν61·ν1ῑ1121116·. 16 (16 86111111 6611 616611 016611161116, danis
211 6611 1111110611111; 116611 11661· 616611 616112611; (116 616112611 21111 011(161·661161(1611
1666611611 1101611116 611 66111 ((16 61611261] (161· 86111111 1116111611 10611 211 61· pas 111
1116111 11166, (1611 10611 (116 616112611 66111 11661· τέλος 1161161111 116(1(16111. 1111 (1626
‘seiten 1111 1110611 11001 0116 1161 1·61·1Ν6611111(1(161 10011, 0111 16 11611112611, (161 611111
(16 schrift 111616 111661· 1111 11611, 0οκ 61 16 61· 116 1162116 11011161 1106Ὶ 1111616611 611111
bij (16 86111111 66110111611. Το611 162116 1661(16, was (16616116 110611161 116161111. Ε611
kind van 3 1661 111061 1106· 61061611, 11161 6611 111611 van 30 1661.

Νο6 2 (1116661166. ’

Α16 wij (16 86111111 perfecta 1106111611, 116111611 wij ook (1611 1101161111 (1611
61·011(1 611 11161 6116611 (1611 1100111 11011611 (161161-011(1. 111 (16 86111111211111, 61166 1161
61· 10616611 1111 110161. Ζ11 16 66110616661·(1 1111 1161 111611661161111( 116111116121111 611 (111
11166111 (16 86111111 101 66116 16161616 86111111. Ζο0 1111161 11161160111666166 611 goede
1116(11661166; 61166 111061 1111661.1·01(κ611 1111 (16 schrift. Ν6111111111κ 116110611 11161 (16
116616 1116611 (111 6611 161161 6611111, 111661· 11166 61· 11166111 1161116116 6611166111 61
116166611 61· 11166 111 (16 86111111 661116111161161.

13061 611 10661116. 16(161 0166611 van 0116 1161166111 16, 616 1161 6620116 16, 1161·-
fectum (161 wil 11161 2666611; 1161 1161-1 11611 001( 6611100111116116611,111-661116111611
1700111116116611, 1161 1161 100111116116611 111061. Ζο0 001( 11161 (16 86111111 611 (161 (1061
61661 111 Joh. 20 : 30, 31.... ,,Μ661 (1626 21111 6666111617611, 01)(1616116610011, (161
,162116 16 (16 (1111161116, (16 Zone Gods 611 011(161 611, 661001611116, 1161 1611611 116111
111 Ζ1111611 naam!7

