61
Collega-diotaat van undersoheidene studenten (Dogmatiek).

in Daniffl 611 111 (16 Α1)0011117ρ66; 611 171111(111111· 001( (16 1001161110111166 indum, (11611
(1626 110611611 op 0116 1111111611. ,

Nu zijn 61· 111 (16 1111(1(161611 1111166 (16616111

6611 (1661, (1111 166(16 1111666611611 16, dat 16 (16 historie, (16 Ερ161(;

611 6611 (1661, (11113 1106 110111611 111061, ((16 1310161316 1661116131016 6611611) 11111111·
kiemt uit het 11661111111(16; 111 (11113 26116 011116611111111111111 16 2011(161· het verband
met (16 66110111611 Epiek.

Vandaar 16 0111161116, (16 3779ss (116 110111611 2011, (16 1161(1 611116111161111 (16

601161111111111116. ,

Bij 11116 profane 661111117616 16 (16 6οᾱ 1611111116 1111(1616 (11111 (16 1161(1611, (116 21111
11661361 170117061611, 111 21111 211 1711111( (16 61116111οἤ616 171111 (1611 1111111 (161· 60(1611. Μ11111·
111 (16 1310161316 16 (16 1161(1 611 God 6611; (1111110111 16 (1111161116 (16 1701100166 1161(1,
0111161116 (116 611 1116 1161(1 611 1116 (1οᾰ 2611, van 1171611 (16 1111111 1111611111,(1161111111(1
volvoert, (116 (16 Epiek 1013 1111111 toppunt 11161161 611 1111111· 11161 (16 1310161116 111
21611 111111 6611111111061611.

De 17161 ΕἾἹΨΝἾ 6611611 (1116 (16 Epiek v. Christus voorzoover 211 16666
66110111611 was.

De :mm-‘137 (16 Epiek van (1111161116 11001200176116 21111061101116111110661,(1.1. (16

Profetie. Ζο0 0116611111 11061611 Wij7 1106 111 (1611 111111111 171111 ,162116 (16 110116 1761·-
6611161116 11613 171111 wat door (16 ,,1·16,101116111” 611 (16 1,,11(’11610111611177 66111016-
1661(1 1117116.

176117016- van ἓ 9.

Do Ρ101661 16 1)61(16 111111611 6611 1116116611, (116 611 1161 6611101116116 611
1161 1106 1110111611116 11661661111111 of uitsproekt, met gelijk hij (11121611
2611 2011(161 111661 11613 21611 of 11121611 2011(16, 11111616611111 1)61(16 116111
6610011(1 worden (1001 ζ16110161. Ο111 het 111711111116111611 van (111 6610011(16611
11613 16111011116661611 61111111 1110661111( 16 111111ζ611, 1162161 (16 116616 111111161161
011(161601161(1611 gradatim] (16 karaktfflbepahng van (1611 66160011 111 Ζ1111
661111716611 1111111, 21111 0111706111116 611 011166111116, 21111 11111611111( 611 1111611111(
1617611 611 17001136 01126116111116 11011111116 611 1)11116116611170116 111117611ζ1116 611
We] (1626 1111611 611111611 of 6611 of 111661 171111 (1626. Α1161166 1101111(1611
26 6611 1112011661111116 11111666 111 (16 11111111661111111111, 166111611 611111611 of 11116611,
(11066611 6611 011(161661161(1611 κ166(161(1111(<111., kwamen op 1111 11116 6111111111611
611 6131111(1611, 1111(1(1611 001( 1110161666611 111 111111 1111(1(1611, 0111111111111611111
116611(10-1)1·0161611 611 61011(1611 16661101761 (16 1711166116 1110161611 van 1311111
611 Α61111110111, 61116611 111613 Μ1116116111 0111161· 611 νο11(1611 111111 1(016111(11116

