235
college-dictam: van onderscheidene sfiudenten (Dogmatiek).

Wijzen 16 11661· (16 80111111, 616 (16 01011, 1176611111 6116 616111116111611 11106161] 6611111.

Νο6 2 andere opinies dienen 21011 11161· 6611;

1(ᾖ ’1 Μ176110161116; bevmdelijk Geesteslicht 111061 0661166611.

2Θ ’1 Β61101]61161116; (16 11161611601161) 111061 0661166611.

1117661011] 1(611 66611 van beide 666(111]111661(1·Ρ AntW. Η61 1161101161161116 11161,
0111661 (16 16110 11] 11111101111661 66601111 1161 11161 (16 80111111, 1717661111 26 2611 01](161
111061 (10611. 81611 111611 1111 (16 16110 616 16011161, (1611 61116161 (16 6111](1,011]1(6116 (16
01610116, 11161 116111161161116 1761] (16 80111111 611 0111661(661·(1 66161 1161261166. 1161
Mystieisme 1(61] 001( 11161 10666161611. Η61 standpunt 17611 ’1 Μ17611016111616 op 21011
2611 11161 16 11611717610611. Ν.1. 80111111 611 (16661 zijn op 21011261111161 00111166101011.

130011 0621117661· 1116116661] 16 le: (16 117611(1116611 17611 (1611 Η6111661] (166611111161
11611 21111 11161 6060111111, 111661 06(11611611 21011 van (16 νο01616111116611 17611 0116
061117116121311. 13116 21611 Wij 110011 (16 2111111616 werkingen van (1611 1161116611 (36661.
Vraag: wat 16 ’1 criterium? Antw.: (16 11611166 80111111. Ga 11( 61111616 16
welk, dan redeneer 11( in 6611 011·1(61.

20 Ε11(6 1111761161(6 ν17611(11]6 16 111(111ῑ1(111661. Nu 16 1161 ι111161 16 (10611 om 16
0661166611 11166011611 (1626 111(11ν1(1116616 111(11·111(1(61]. 136 111(11ν1(1116616 werking kan
(1116 2611 11161 0661166611. 136 01117011(011]61] 1176116116 (166 (1666166111 116111611 1116661
0111 66116 0661166106 6611 (16 016611160116 1717611(1116 (166 (1666166 111 (16 80111111.

136 80111111 1761671361 (1116 bij 6660011161] 6111311 11661 (16 80111111. Ηο6 16 (161 1111
16 17611(161611 ⁴? Blijkaens 1161 066111 (16261 ξ 111061 61 2111] 6611 17170161611116 (161· 66661611,
ingrijpende 101 (16 kern 1761] 1611161166 06616611;1Ῑ611 6611 17011(; 17611 6611 0611661661]
10661611(1; 17661( 11161 116161611116 1761] 6110011161] 11]61160116110106(1. Η661 wat 61](1616 (1611
wat 111611 11061111 „choo (166 01)11]10116.” God dwingt ZiJ'ne 1(611( 61106, (161211 21111(
6611116166 11001 211116 1666111616 2111161111600611, (16126 611](1611]1( 21011 261161] 61 ’1111111116
11001· Hem geven. Zie 1161 11661 (16 111610116 (161 1(611( (1001. Α11006 6661 (116 6111311
om (16 80111111. 11176116 (16 (111]’1 1(160111Ῥ Α11006 1111661· (1626, 1161111611 1761] 06166 1(61]1611
0611176611ῑ „wij 1160061] (16 80111111 op 01126 1]611(1.” 111761 16 ’1 6611016 (1661176113
1361 (116 1116116011611, (116 (16 80111111 17661( 11611 (11001116116 162611, 1111 11161 1(111]1]611
11161611 17001· 21] (116 80111111 11600611 011661200111 101 Op (161] (1161161611 0066111. Ζο0
6113111 (16 80111111 (16 6666161] 111661 661] 611 0616111 11661 66611111166161101 176111106611.
116161 616 (111 1661616 061611(1 16, 06211 (16 1116116011 1161 1161160661] (16 80111111117661
16 1761616611. 1316 1166111]1(6 1176116116, (116 God 11] 211116 80111111666617611116611,111061
611006 1(0111611 101 6611061166 0611](161116. 136 80111111 266111161, (161 Wij 16(1611161 01126
11106161] 661706161]; 111661· Ρ1111. 2 : 2 „dat gij 1110061 661166621116 21]·11, (16261166
116166 1160061166, 17611 661] 66111066 611 17611 6611 6611061611 zijnde;” 611 1311113 : 16
. . . τῷ αὐτῷ στοιχεῖν κανόνι, τὸ αὐτὸ φρονεῖν, Rom. 15 ζ 6 „opdab gij Gendl'achtig fimf,
6611611 mond 1110061 verheerlijken (1011 God enZ.”

Laten (16 aposta-len (1611 001( 66611 1116616 17001· 1161-6001116666 061611111661117 16,

