239
Collega-dictanda van undersoheidene studenten (Dogmatiek).

611 6100161 worden, maai· wat 61 11161 uit opgroeit‚ mag 6111161111166061111. 001(
mag ik 61 We] 6611 takje 0111601611, maai* 11161 6611161761160661. Ζο0 161161
1111 001( 11161 161(61611 1116 0626. Er mag 111616 1161610666116, (1001· 11001116 111166-
170660, 111161 0110111 01· 111111 2011 011111111ς611, wat 101 ’1 0161111166110 1711111161 πλήρωμα
061 86111111 06110011.

Ε611 ander karakter draagt Mami. 5 : 18. 136 ,10111 611 Keraia worden in 1161
1701166 17616 1761106610 611 001( 111 1161 6101 van vs. 18 2611. 1360061016, (161111 (10
86111111 16 011666617611 6611 1110610111 van 0611 op 16 17061611 (11·1111111 611 0111 (1111
drama in 216112611 (0111111061 611 0060111111 16; 611 (1111 1111 (16 86111111 1116 1110611110
van 0111 (11111116 66611 176111110611116611 6600061, 0711010001 111111 (1111 drama 2011 111
211116 011170611116 1616 2011 1717010611 0111110111611. 1010061111( (11111161 0116111). 22 1106·
117661 6611 ander karakter. Η61 6101-111111111611111 100111 11116611 01761· 01161101111116611.

Ο111 101 (1611 (11661116611611 16661 16 1(0111611, 11106161] 11711 1111 (16 1161106116 171111οῙ1
11061( 101 (16 1161166116 van 11661 (16 86111111 011101111111011. En 171761200, 011106 Apo-
calypse in 21611 166111116611 6611661 1161 1761160611 van 1611161, van Μο266 011 (16
1110161611, 6611661 ’1 0111160611 van Chi-istus, 0111 (161 111106161611 611 0111 (161· 1(611(
111 1111111· 661616 0111160106. 13116 (16 Apocalypse 6111111 01) 6611 1706161106 111. (10
61111(1(611 (161· 86111111, 016 16606 0661000611. 861111( 1111 (1001· ’1 116610 001( ’1 17001-
61111(, 1171111101) 1101 6111111, 16 6611711111110160, 200 001( 1611011116111061 (16 861111111611
0112161116 van 06 Α1106111171166. En 01110111 1111 (16 011611111111116 van ἓ101111111166 (10
(111111100116 16 van 11661 (10 86111111, (1111110111 66101, wat 111 (16 01161110011116 6111111,
17001 11661 06 86111111.

’11171766 171116611 01611611 6611611) 0110616611610611 16 1717010611 111.; 1Ο 16 (16 86111111
(0111111661Ῥ 20 110011 bij (16 86111111 1106 6611 1111111060οῬ 136 061616 (111116611611111101
11116611 06 17111116, 01 61· 1)061(611 1761101611 21111 66611111] 0161111(1(611 1176666111161121111.
136 2e (1111166116 raaki: (16 vraag: zijn 61 1111111066 011611131111116611, 016 11711100
111110111611 11611611 op 6611 11111 61111111 11161 (16 80111111. 136 1ρ (1111106116 1100111111116
111 (16 011110111611 8116616116, (1116 11161 111 06 0061111111016 (10 ΞΘ (1111166116 110011111 (10
0061061161( 1111116. Vroegere 6616101111661061116010660 hebben 00 10 (1111166110 001(
wel 66116 1011 (10 0060101161( 1161101106Ιο (1001 vohnaaktheid 611 11016011161111010 10
1761171716661611. 136 20 (1111166116 11161161 0116 111 ’1761661111 11161 (16 11001116611611, 11161110-
(1161611, Ε11116611611 611 Mystieken. 1101116 1161176611, (1111 (16 86111111 16 0611016111111
van volkomen 1111616, 60006111Κο 01161101111116, 11111111 van (11611 111110, 0111 61 1106
2 11110616 600061111(6 0161111611 van opeiibaring 11111161 10011611ῑ (10 παράδοσις 611110
(1111160111 Ρ6111. 1161 661616 0617176161] 61611111 op 1161 1011, 0111 (3111161116 011 211110
111106161011 111661 spraken dan 1161 176111011106 111 1161 N. T. Verliest 111611 1111 (10
01106166116101116 1066611611 (10 1116111111116, (116 0161106 101 16176111110 011 (161116111111110,
016 01611116 17001 111·6611111111161161116, dan wint Rome. Of bv. (10 brief van ,1110116
in 1161 N. T. 06110011, 17170101 11161 11061161 (1001· 00 17111116, 01 ,1110116 (11611 116611

