102
college-dictam] van ondersoheidene studenten (Dogmatiek).

55551115(1(15 11151 111011(151·511 511 1551(511511; 15(151 111511115, (151 51 1515 bizonders
plaats greep 511 1151 seit werd (1001· (155511511, (115 ’t 5111051511, geinterpreteerd
als: (15 Η511155 (15551 15 55κοΠ1511; 511 0115151, 1111551· (15 5505151511 (1551115 spreken
van 1151 111511( (155 1151115511 (1555155, beschrijven zij 1151 11151 515 1515, (151 11511
11011511, 111551· (151 11511 1111111511 1111 11511 11151-111. 1)11 1151551111 15 (1115 duidelijk 111
(15 85111111 5511555511511.

Waar 1111 (15 11111110111115 (155 1151115511 (1555155 (15 1111511511115 255111511515
11011511 5551, (1551· 51115515 1151 115112511, (151 001( (15 111511115115 (15151105151511
(115 (151· 1110151511 0115111511. Ν151 111 25κ51·1151(1. Β551· 15 55511 515(111551 1151551111
111. Μ551· (1551111, (151 (15 11511155 (15551 bij (15 1115ρὶ15115 21511 11551 11155111515511-
25111151 11151 1151 1151111115121311 (151· 5505151511 (1511 11151 (151 (151· 1110151511. Α115 inspi-
15115 115511 1115515 (1001 1151 1151111115121311, 111551· bij (15 1110151511 (1111151 (15 Η511155
[15551 1151 ile 11511 (1511 1115115511 151115 511 551111111ζ1 (1511 1151 115111115121111ς 51 15 (1115
51011115, 55511 115155112511115511. Τ51·1111]”1 bij (15 11111511115110 (15 111055111111151ᾶ geboden
15 5511 (1511 1151115511 [15551 0111 11151 515 5511 1115511105 11155111 21511 11511 1151
-115111115121111 11511 (1511 5511151111-55155 111555151 15 1115Κ511, 111-55121511 51· 11155 15
115155112511115511.

2. Bij (15 1110151511 15 (15 1111111115101111-01515515111151111κ0111511115115511511155111ᾶ5
11155111 111 111111 1511511, 1515 11111151155111100115111 (1511100111111111151·5511110115115215115ᾱ511,
15111113] bij (15 5505151511 (15 1111111115 ]”11151 151155110155 11511 1151 011051· 1 55255115,
5511 511111151111( kamkter (11055. Β551·1115(15 11101511 11151 552550, (15111511110151151115
55511 5111111 11155, 111551· 1151 11155 11151 01155110111511 515 55115115] 111 1515515 1101115-
115515511; 11151 111 5111511 515111 11151-511 5511 11511551(1 5511151 1110151511. Η51 (11055 111151 5511
5011115151( 1151511151, 111551· 11155 55511 55111511111551·(15111111111151551.111155111515111111
55111511111551(1 15, 11151151 1151 2511 (15 55155511115(1511 11155, 55511 1151(1511101115111511
5511, 111551·οΡ 555111·οκ511 111051 11101(1511; bij 5511 11151-55111511111551·(1 5111101 15 (111
1151 551151 11151. Ε511 11115151155115111151111( 111511 heeft 1151 5511 21511 of hij 5511 boel<
wil 55111’1]11511; 5511 110051551551· 111051 op 1151155105 111511, 2011(151·’ 1111111115 11511
v 111111511, college 5511511. Ζο0 515511 ook (15 111-0151511 1555001151 (15 5505151511. De
moseten 1(011(1511 1151 5111511511 11151 115151511; 1151 111155 515 5511 1111111· 111·511(1511(15
111 11511; 51· 11151511 55511 11551555151(15 11](1511 511 1115515511, 111551 25 01111·5(1511;
111551· (15 111015115511 11511511 111111 515 ’1 11151-5 111015511115 111. 131111551105151511 151151
0111551155111; 25 551111111511 1111511511, 515 25 5511 5511155015 111051511 bestraffen of
5(·(15115 11155511 115511111100111511; 515 25 115115111511 11105151] 15 1515155511(65151511)
of 01151· 11(·1’κ1521115511 1515 15 2555511 1151111511 (1355101515 1111511511). Α1200 11155
bij (15 5111515150 11151 1100(115 5511 impulsus, (115 11511 111111511 lavam, 111551· was
(15 1111111115115 111 111111 5111111 5155511511.

Wat w'ij 11511 (1511 impulsus zeiden, 111. (151 25 bij (15 1110151511 11511 1111111511
kannt, 111] (1· 5110515150 11151, 551(11 0οΚ 11001· (1511 1101111. Ε511 111-0155101111. (1155511

ι

