200
College-dictaat van onderscheidene studenten (Dogmatiek).

persoonlijkon God 16 (16611 111666 611 nu 111 21111 616611 ilc 6117661 66 supe-
116111611 17611 1161 6116616 Nc,- (116 66176611, 661 111] 17661· (1616116616111 1116611617611;
611 (116 117661, (161 213116 1111511616 bij (116 17611 (1611 Ε611117166 (1171766511616 15. 1311616111
2661 (16 6616617166; ,111 1161) 16611 (1611 Η6616 1661611 1161166637 Η61 116611 616615
11161 1161 1311666616 Wezen, 111661 611665 (1661 (1611 Η61116611 (316651. ,136 Η611166
(16651 56166111 6116611 161 (16 2161; H1j 15 (16 56161161, (16 interpres, (16 6661661661
17611 (16 2161. 11Ῑ61111661 (16 6616617166 (1661166 15 66116111611, 17616116611 op 6611111661 21111
5161161111111 16661161761· (16 86111111. 136 11611166 861111111111311 111611611661· 6611 6661116611,
1176611111 111] 6611 11166161111 17661 21611 111·1]61; 116611, 1161 666151116 15 171766; hij 6661-
266111 (16 86111111 6111 (16 86111111 2611. Hi] 15 615 (16 116161116115, (116 6611 bosch 6111
213116 5611661111616 6661266111, 11161 615 6611 116111116111161, (116 6611 1166111 11661 6111
(11611 17661 21611 16 17611116116611. 136 1161115116116111611 11611 6611 611116 111611761516611,
26 11111111611 116111 6611 111615 561161611; 6116615 15 1161 11161 116111, (116 6611 61161115
6111171116 611 6616 16 1161666611116611. Ζ66 6611 11161 (16 86111111. 1316 6611111516115611
661661 116611, 16651 (16 86111111 661117611616 1111 11116111; 1161 kas] 116111111615 561161611.
1316 6666116611 15 6611 0111151115, 266111 111 (16 86111111 6116611 (1611 1·6(1661·ν661·21]116
2161, ’1 61761166 1661 116111 116116. Μ661 (16 6616617166 16651 111 (16 86111111 16651611-
6611, 6611766117176161116611 — 616 (16 26116 11761611 bij (16 6611161111161116111616611117166
Wezen. 136 86111111 1)66111171766161 (16 171·666; 171716 15 (166 611 11761116 21111 Zijne
deugden‘? Hij 16651 17611 11161111611, (116 161 111 (16 6616115 166116561116176111111116611-
16111116 11161 1161 661111716611762611. Nu 66176611 hij opoens, (161 11661 (16 86111111
661611611111 15; (161 61165 111 (16 86111111 1166111661115 116611. Hi] 116611 (16 1766111611
17611 1161 66666111116 6611117166 1617611 1661611 1161111611 611 66176611, 661 (16171761616616
166111611 11161 116111, 111661· 171761 2611 11651611111 116611, (16 11611166 86111111. Τ61116111115
17611 21611 2611 611 17611 66 6611117166 166111611 66116111611, 15 hij in 211111611 166516116,
(161 616 166111611 11161 111661 17611 21111 111 15 6116 5611616611. 11166661· 171765 (16
1661113611 17611 (16 11761616 17661 116111 17176616611116 611 (166111166 511666 (16 86111111 ——
176116661 66 11111161, 66 (115116111161116 1115611611 116111 611 (16 86111111. Μ·161 1111 111]
6116615 1717616 611 21111 1176616611116 116616 166166 1161111611 611 1161 1111661666516176115
111 176116 166111611 11161 211116 116116611 116611 661651, 1111 past zijn persoon op 66
86111111 611 6661 111] 166611 (16 11761616 111, 661766161166 (161 1161 17176616 17611 616
1176161616116611 15. Μ661 6611 116111 111] 66661111111111611 17611 1112111111116, 1176111111 1161 661661
17616611 a 111661 6616111116 6611 66661111111111611, 661 1161 1617611 11111111, 661 111] 1161
111661171611611 17611 (16 61166161] 116611 611 17611 66 2611661176161. 111616 6615161116111611-
1611 16611 (16 111711161 6611 66 86111111 117661 op, 111 616 1661516 15 21311 661661 6611
(16 86111111 611117111111661 611 11611 111] 1161 11161 171116611 11161 66 11761616. 131611161166-
176166 1176161 17661 116111 6116 11171116] 111 1161 116111 661· 261166 665161(1; hij 1161111
op 615 (16 261166 111 116111 11166111 116611 611 1761611711111 615 (16 261166 1161 176111651.
Ζ66 1116111611 17611161111116 611 11611161116111116 56111611 611 11661111616 (16 11611166 (16651

