182
Collega—dictastis van onderseheidene studenten (Dogmatiek).

3116611 (16 cinomiam in 1161 Ο11(16 Τ66131116111 111736 6610011(1, 200(131 1161σῶμα 1106
komel] 1110661. Ε11611316 ik 117661, 11731111661 ik 6611 66113113117 216, (1316166111161133111
111061 21111, 111331·(1001· (116 66113(1111117 16 6611110111611, 200 111661 ik 001ς, 316 ik 1161
(111(16 1166131116111 216, (131 61 11161 3116611 6611 σκια’ 11311 21111, 111331· (131 61 001(
6611 111626111111111616 (161 dingen 111061 21111, 6611 1161133111 moet 116613311, 117331(1001
(116 σκιά 6611016611 11701111.

Κο111611 1111 (116 σκιαί 111 1161 011616 Τ66131116111 11001· 316 6611 1161716(1161116 (161
111611111661611611616, 01 316 6611 3661116116611 beelei 0111 61· 21611 11166 16 vermaken?
Ν6611, 111331 316 reeele zaken, om 101 (10(116 111-6116611611 17311 611611(161611611066611.
En 10611 111’01’(11 17311 (1626 σκιαί 66266(1, (131 26 (111 11161 kunnei] (10611 op 21611
2611, 0111(131 1161 moed 17311 17311611 611 bokken 11161 16111161 17311 (16 2011616. Α311-
6621611 21] (1116 61661116 11311ᾶ66111111611 (161 201166 21]·11 (11133111311 (16 116266611116111
(1611 20116331· 666617611 11701(11ζ) 200 110161 111611111, (131 (1626 σκιαί 111061611 111016-
1661611 1161 1176261111]κ6 (161 (11116611, (131 110111611 2011.

Ε1· 11661331 66611 1161661111 11311 6617061611 01161· 1161 1611, (131 11131111661 17311 6611
61311(110661(1 op 1161 1106161111( 661111661(1 61331, 1111 1161“6611111611(16 6131111611 1661331166,
111331· 111133117311 1106 3116611 111331· (16 31111611, 11661161] 611 1011111 21]·11 331166-
11136111, 11161 1161 1100111 ᾖ (131 (1311 1161 1100111 661106111166111 11701111(1001116111661ᾶ
611 (131 316 1161 hoofd op (1611 1011111 61331, 1161 11001(1 (1311 (162611(16 17361161161(1
116611 316 1161 11661(1. Ζο0 1111 001( 11161. 1161 Ο11(16 ’1166131116111 11160111111661 21]·11ᾶ6,
113361, 106111 0111 21111 601111116111611111111. Ε11611316 111131111661 ik 6611 6611111 11611 (131
0116613163 16, (16 111361 106111 0111 11116; 6611 0113166111611ς1 111116 106111 0111 6611 661761
611 kroonlijSm even-als 171731111661· 6611 10011661611111ν 11661331 1111 (1116 116(111]”11611 611
(16 01111110011116 011111166111 1106, 1(·(161· 110611 (131 1161 11161 31 16; 617611316 op 6611
protasis »boet 17016611 6611 3110(10616,ὴ 200 0011 16 (16 8611111111111· (166 Ο11(1611Τ66-
1311161116 (16 1106 0116611116(16 111361, 1161 0113166111611ς16 111116, 1161110611161101
01111110011116 66110111611 (1131113, (16 60(1(1611]κ6 protasis, (116 0111 6611 1111060616 106111.

20 Wat wi] 11011611 236611, 11161161 61 0116 3116611 106, (131 1161013161 Τ66131116111
66611 goddelijke 31110111611 kal] 1161111611 of (1111161116 1110661 1(0111611; 111331 11161
101 (16 11611166 5611111111111 (166 Ν1611111611 Τ661311161116; 11161 101 (16 καινὴ διαθήκη,
(16 ἀποκάλυψις, 111331· 1106 11161 101 (16 16110611616111116 (1331·11311; 1161111 66111111
1116116611 (16261 διαθήκη 11161 617611 (16261166 31110111611 17311 60(1(1611]’κ6 111611113116
316 1161 Ο11(16 ’1166131116111

De 171336 0111613111 dus: waarop 111061 (116 (1311 316 [1061111331 661)011111(1·.)

Bi] (1(Ι inspiratio 1161111611 1171] 66161 (ψ 1161 (111(161661161(1 1366611611 (16111611113110
013116 611 scripturalis 611 111 1161 Caput „de Necessitate S. 52⁷ 1161111611 Wij 3311-
6610011(1 (131 (16 3666661136 1116616616 16;

10 necessitas van (16 inspiratio 01·3116;

20 3666661136 van (16 inspiratio scripturalis

