151
college-dictam] van onderscheidene studenten (Dogmatiek).

zwakke, 111111011111116 106511111(1611, (1626 1761261(611116 51111601611ᾱ 15, (11111 1161) 11( 1161
160111 16 2666611; 111611 111061 001( 11161· 1116111111 op (16 uitspraken 11611116166201106-
611 11161 van 1161 2161(611]1(6 1161117115121311.

Daarop nu afgaande 2666611 (16 (16161011116610611 (611 (16 1116111οᾱ151611 1116111611);
661· 5111111 66 1111 (16 2161 171111 6611 kind Gods (16 66(11101116, (1111 hij zelf 1115 1116115011
1165111111, (11111 (1111 66 116111 (10 261(61·1161(1 011110011611 2011(161, (1111 616611111611( (10(15
15, (1111 11176(161601;100116 11661.

Η61 1611 (161· 11760161601100116 116611 (1115 21111 261(611161(1; 10 111 111111 1161500111131(
111 0115 116111115121]11 15 01)66110111611; 20 111 117111 111 (16 662011(16 11011111116 11]·(1611 111
(16 1(1·1116611 (161· 661001716611 662161115.

Op 1161 51111( 171111 (16 1176(161·661)001·16 1(1111 1161 11661111 (1115 11161 6616176111 1111
(1611 namurlijken 1116115011, 11111111· 11116611 1111 (1611 11101161 (161· 26111( 2611 611 dan
11116611 (1001· 16 10011611 (16 1611111611 111111 1111111 15.

1162115 261(16 101 Ν100016111115ῑ „Tenzij 161111111(1 wodergeboren 15 1111 11711161· 611
66651, 111] 1(1111 1161 Koninkrijk Grods 11161 21611]7 Η61 15 6611 1116111176 161161151661,
(116 111 (16 ν1161·61(1 111(11“11161, 111716 1)]111(1 15, 2161 1161 11161. Ν11111 (16261117115161116661
611111 1161 611 111061 1161 6111111. 13111110111116611 (10 Κ611( 611(6 11061116 0116066116110111
1161 seit (161 11176(161·661)001·16 17001· (1611 0116610017166 16 130117112611. Ζ1111( 0611 pogen
6111(1161 111111(1 11161 (16 11176(161661)00116 16 1161·2117111(1(611 611 1111111 16 111111(6111016611
,,011166261 21]·11 171111 66651.”

Ρ111111161 (1111111116(16 loopt 1161 1611 (161· 1115111111116, (1111 001( 11101 1111 (16111111111111-
11]1(611 1116115011 16 1)61111]2611 15, 11161 0111(111,1 1161 16 21117111( 15, 11111111· 0111(1111 1161 15
6611 116611110; 001( 11161 15 6611 616611 51661· 611 11011161(1 171111 117111111161(1, (110 111 (16
1176161(1 111(1111161 611 (116 11161 1(1111 6621611, 161121] 006 611 001611700101115101611 11101111.

Β6111( u (16 11111116 66115 in: Ηο6 117661 11( of 61 bij (16 Roode Ζ66 6613611111 15,
wat (111111111111 111 (16 schrift 1161111111101 11701111, (1111 (16 266 661(1161“(1 word, 1511161
61· (100111οΚ 611 6611 117011(Κο10111 (16 Egyptenaars 1761·11111(161(16 151116111111116 11151611 ¹?
Γ1101 volkomen 261(61·1161(1 171111 (1626 1611611, 2011(1611 wi] 200 2666611, 1(11111111
11( 11001· 1111111 116117115121111 (11111 66151, 1115 11( 1161 11161 1111111 616611 006611 6621611
1111(1. — 11111155011611 16611 (16 11611166 50111111 611 100111 (16 61111111116, (1111 1111 van
1116115011611 bij 21111( 6611 1111116116011110116 661)6111161115 166611117001(116 6611166512111106
611 61 (1111111111 1111111· 66171·11116(1 111701(1611(16, 01· 111615 van 66111611(11111(1(1611. Ε611
501(111111, bij 6611 1761(151116 6611176651 zijnde, 117661 van (1611 1111001) 111615, 1611111111
1171] (1001· (1611 161661111ιί op 1161 0066110111( 2611 (16 116(161’111116 of 01701117111111116 (161·
110611611 1161116111611. WVaarom‘? Ε611 501(111111 2161 11001 611 11011161 21011 501(1111611;
1111110116611, 5011161, mam· 1111111 01· 6166111111( 661361111, 1117661 hij 11161, 11661 111111(161
1166111111 hij, 111111 (16 116010611116 (161· 1111111061117165 15.

Zoo 001( waren 61· bij (16 Roode Ζ66 2011(161· 11171116] 11011(161’(1611 611 (11112611ᾶ611
ι10(1611, (116 111111 Farao’s 11616111111 111015 6611161·1(1 1161111611. ,

