211
Collega-dictam} van onderscheidene studenten (Dogmatiek).

10 Zij maakt hoofdzaak7 wat bijzaak was. Μ611 1106111(16 (16 1100102661( (161·
schrift 101 1111 106 1161 01111611661110116 ; 111200 (16 1111011(161·(·11 611 (16 11’11’6161·1611; 1)11211111(;
6611 (1661 66661116061116, 6111(616 601100116 61)16111(611 6112. Dit 1(6611 (16 6111161( 0111.
Ζ11 2661 over (16 1111011(161611, 1115161611611 611 111-0161316611 111061 gij 1111161116611162611,
11111111 16 1611611 111111 op (16 stukken 66661116(161116 611 (1111(616 1101116 66266(1611
(11.11. 11( 2111 God 1011611) (116 001( 111 1161(161166116 11061611 11001·1(0111611. Ζο0 6111611
111611 1161 011116116611110116 (161 86111111 weg.

20 Β611ε11116 (16 waardeering 1(6611 111611 001( (16 01116 0111. De Logos 1(0611111(06
2661; 66161 1111161 111611 6611161111616;101162611161111111011166161111116111(61611001(111111111-
116(1611. De Logos Hagios 261 (16 111011 am] 1161 1)66111;11111621111161116111111101(111161
111111(161; mam· nu 1(01111 6611 1116111116 influxus 11161 (16 (311611111111116 611 (16 86111111.
De Logos kosmikos wil 11161 11161 amn 211 kan 66611 1)11-111(1116 (1111(1611, mam·
111061 6611 „aapmenseh” aannemen. De natuurlijke 1116116611 wil almos, dat 21111
111(1 1100661 6111111 (11111 (16 1101166 11111611 611 16 (1111110111 66111111(1(61111( 11001· (16 0111-
11111(1(611116611160116 16 111111111611. Ι)6 661616 1101111 (161 1116101166116 6111161( 1111 was,
(1111 111611 (16116616 6112. 1161 61111111, (10611 1161 1161·1(111;11·(16 11001 66111)061(11161
11111111611. 130611 (111 gaf weimg 611 (1111110111 1661116 111611 10611; (16 1110111 16 van
laterem 111(11 (16 111-016116 16 61 66161 661116661. 11161 1161 Ν. Τ. (16611 111611 61161166116.
Μ611 261; J 62116 was 111161 6611 11100111 man, 111111Ρᾶ0106 was 10611 6166111111( (16 610016
man. Paulus schreef dan 001( 661612111161)11611611 6111111611161111611 (16 Ε111111661161611
pas 111111116 Ε1111116611611 6666111611611, 1111111111] zi] 6611611111111111616 111111 162116 61111611.
Ζο0 11101111· (16 1(61·1(11001(1211ε11(, (111111-11111(0111611 110011 (16 apostolom 611 1111111611 162116.

3⁴1³ Evenzoo 16 61 001( 6611 1011116 01111(661 111 (16 116001·(16611116 van 116166611 (16
86111111 0116 medis, 661(011161·1. De Schrift 16611 1111 (16 2011116 611 (16 (1111111116 1(01111
, (16 1111166116 philosophie 611 1161 11111011111161116, (10611 1111 (10(1161111611 (16 111561611611
611 (16 (11111101) 6661011(16 ,ΟΙ1116161111(6 11161·61(11)666110111111116. Mam· 1161 1611011111161116
1(661·1 (111 0111 611 2661; (16 mystea-1431] 21111 2011(16 611 wat 611 1161116161, 16 166111-
111111 van (1611 11101161 (161 1116116(·111161(1.

Ζο0 wil (1116 111 11116 (1116 (16 110606 1(0611111(06 6611 0111661(661·(1166111111012161116
11611(1116611. Ε1· 16 (11111 11161 11111661· 6611 Δ86111111, (116 101, (161111161166112661,611111061

11 101 11111 1061(661611, mam* 0111661(661(1 66116 111110 humana, (116 2661; 611. 011116-
1611611, 111061 u 101 11111 1)61(661·611. Waar (111 1111 200 6111111, 16 (16 vra-ag: 11116 111061
0161111111116111) Α111111. Bi] allo 2011(1166 111611661161111(6 1111111111· 111061 (16 16606 1(06-
11111(06 0116111111111611; (116 110606 61)1661(1 (16 111611661161171Κ6 1111111111· 106, 16 26111111-
611111111( van (116 1111111111. (1611016 1116111111 16, (1111 1161101166166661116111611 (16
11116161166111111116111Κ6 111161·61(1 111061 (1111(116611 11161 661111( 16 6611611 :tan (16 1116101166116
61111616 1)0611 111116 1161(661·(1 is, 110611 21611 1)6166(116(1 (1001· (1611 110606 1(061111](06
611 op (16 1(111(161’611 (10(16 kam (16 66116616 111(11)1111(1116 (161 &christ 66611 ande-›1-
gevolg 1161111611 dan 61611(61 opwaking van 1161 661001Ἴ ann (16 ὃ6111111.

