s 148
college-dictaat van ondersoheidene studentem (Dogmatiek).

0111 (1911 vij-and 111 21111 10131991 911 01) 21111 991119(1 te 9330 1193103911 911 200 ver-
11931 111911 1911(9113 111991· 911 111991.

Ζ19 1191 11911001) 31991113 (191 311010991139119 1131111; 99131 11991 111911 (19 89111111
19 1’91·(19(119·911; (1901( 3311 1)(19(193 911 Van Oosterzee 9 911 9110191111( 9100191 01911
11191 111103 31193 111113 19 9911911 911 01191· 19 10011911 101 (1911 1113101.

1131111991 111911 vom· (19 10311113119 990 1)91111139100(1 2091(1Υ 111 (190 ’031111111111(90
1119113911, (1311 1(01111 111911 99911 31311 11911191, ,13 13 01129 991319 31311 1·99(13 99119
1’91·100(’119111119 1311 0113 1199111391. ¹

1111111913 11131 13 1191 31311(11111111 van (1911 1131111111111(911 1119113911 ἱ)

10 De 9Χ9111319 van 1191 wonder. Het wonder 13 110011 11001 (1911 031111111111(911
1119113911 0191 031111111111(9 99991903 19 1191111290. Wie 313 9911 99111000 019113911
1·9(1(,·11991·1, 11991111Ὶ (19 01331 (191· 9111(1199 (11119911 911 31911 (131 313 (19 91903 (191
1110991111(1191(1. Μ91 21111( 9911 19 1·9(1911991·90 99911 (1311 111913. Want wel 1(311 11(
119111 9911 9111(919 111331 1’91’3911311(90, 111331· (131 1191 3311 :idn 9911191( 330 1’9(1911991·-
1911110990. Α13 1111 909(1 1·9(191199190 kun, 1(311 11( wel 3301000911, (131 001(1111 0191
1111101111, 01331· (1331111939 13 1109 0191 1191119290, (131 10110 31911109 111331· 13. Α119
31101099113911 1191009· 0111 van 1191 3130011001 van (1911 1131111111111(90 1119113911 uit,
131193 (190 weg (191 109193 119111 19 1119119911 101 (19 911(9019013. (131 (19 1190119190
1110991111( 21111, 99911 111913. 1131911200 31331 1191 0191 911(9 11091119 0111 (1910311113119
van (19 89111111 19 9330 1191111290 11311 1111 (111313091111101. 1113111011 (131313101111101
11111 3191191109, 0101913191 11(, (131 (119 1119113911 111 21111201011991119113(·1191111(9 03111111·
101, (19 111-33111901 1(01119111(311. De 311010999129911012111119991131311(191“; „uw 31311(1-
1111111, (191191 11191; 11191 1111Υ 919911 1113119090 231 11( 11 (13111911’112911.” 13 (131111099-
1111(. (1311 19111311 (19 11999331133839139 891111111139; (130 13 (19 83913 8911111013
01’91110(119; 9001 (1311 001( (19 119919 89111111 01331· weg 911 1331 (19 10903911 uit
21111 919911 99991903 verder 1-9(19099190; (130 1(01111 1111 91· 001( 13112911 wel.

2⁰ Α119 1;19111(191113 van (1911 1191119911 (19931 1017 10311113119 1111ν91·1(90(19 111 (1911
1119113911 9331 1111 1130 (19 (111(1913191111191(131 (119 01911391191111(9 0311111110 21911 aelf
ν91001(1991(1 1191, 911 (131 (19 Η911199 (19931 011 3311 (19 111911391191111(9 03111111 1109-
11191191, wat 29 11191 111 21911 2911 heeft. Mam· 313 11( 11111 011 op 1191 3131101111101
(191· 1119113(·1191111(9 03111111 wil 1113313911 911 van (1331· 1111Υ (1001· 131300099190 1119911
11331· 19 1011111911 0191101990, (1311 313 11( 11111190 1191 991001 330 (1911 1191119911
(19931 911 21111 1119110119· 111 (1911 1119113911 111 1119(191991100119 911 10311113119, want
(111 31111110119911, (131 91· 9911 1913101109 13 van (190 9911011911 93119, 1911111111 1191
1313000991911 911 319110190199190 11311 1191 31311(11111111 11119331, (131 11( 0111 1119119-
9911313311(19 (119 31011119 11191 (19 1131,11111·1111(9 99991903 1(311 11311(11131’911 911 (1113
99911 0191111190 factor 11001119 11911. 11911 31911019111311919 31311(11111111 13 (1113 0191
3119911 9911 3113111·(111911-, 111331 1091 1191 i11 19 11911190, 9991 11( (19- inspiratio 111113
911 19110331· 11331· 1001· 0111110991111(.

