ἓ 2.

136 Ρ61·3111611’1’1611 (161· Η611166 86111111 31611 11161 661111( (16 8061111311611
611 Β61110113113111611 (11111611, 031 (16 20110331, (116 1106 (16 60(1(161111(6 ver-
1161111116 (16111, - 001( 11161, (131 111116 21111( 11(τ11101111·1116, 111331·1ν61·3101(61113
van (16 661116611361131) (161· 1161116611, — 110611 001(, 03111716,(1111161110111171116
611 06 661116611361131) (161· 1161116611 116211, (16 86111111 (10012161 611 (10016101101
111 31 11331· (1161116 611 111 611( van 11331· (1661611, 111331· 16611 1611 10· (131 611(
6610017166 313 200031116, (131 13 6611 1)61(661’(1 20110331, (116 111 (16 661116611-
361131) (161· 1161116611 11161 (10 1(61·1( 16611 611 116111611161106 6611306 (31113116,
31 (13166116 111 (1003 Woord 1(1331· 611 0111061111( 11111061] 231, 11131 hij 161·
2311611610 611 11001· (16 6601361116 211113 1616113 116110611; 1611 20 (131 hij 313
6610011166 (16 3111111611 111 ,162113 1(61·1( 6611 611 31200 1161 116111 0111131161,
031 1161, (1006 11611611 (1001· 1161 3111111 (161· 1111310163 611 (10610163 over (16
Η611166 86111111 16 (10611 (11163311 611 1611 33 (131, 116121] (16 (111(161·11·1]”21116
van 1161 3111111 116111 111 (16 1661116 1130611 16101, 116121] 1161 3111111 van (16
11733111610 3100161106 13, (16 6610017166 110011111 21]·116 601136161111666110110611
211, 0111031 1161 1(61·1(61ῃ’1( 3111111 1161 2661, 111331· 3116611 0111 wat 111] 2611

11161 6663161111( 006 2161, (131 (1003 661111661113 116111 1·001·11011(11.”

136 13613111631133 166611ον61- (16 13110 1131113113. ⁶

136 8061133363, 1106 17001·116ν611(16 111 (16 Rationalisten 611Μο(161·11611,313311
6611661 3311 0112611 1(3111, 313 Wij 36661611 166611 0611 11313611611 myst-jeus, Zij 2666611
001( ,,1161 6331 (1001· (16, 1161133106 (1161111611,” 611 111061 (16 86111111 162611 (1001· uw
νόημα. Ο]111(61111611 21]· (1311 1161 κάλυμμαὶ) Ν6611. 111061 (131 11·66·66110111611 611 1(11111
gij (1311 lezen? Ζ61(61·. Waar 13 0311 ’t 1761361111.) Μ611 1(311111 21111006·1161)1)6116611
,,11161 21611” (lxv. 313 111611 111013611116· 1111 (11611611 31331) 1νο1·016·611’61(1), 111331·
1(311 031 verwijderen door zijss 006611 66113 uit 16 1131111611. 1)11, 2666611 (16 8061,
111311611, 13 11161 0113 1161 geva] 1611 0112161116 van 06 Solu-ist. Wij 2666611ῑ 311111·
wrijven geest 111613, gij 111061 6611 (101(161· 1131611. Wij 2666611 1111( πώρωμα 1161 3311
06 201106, 3311 uW καρδία; (16 8061111331] 2661; 1161 13 6611161( 3311 0616111116 611
113111111·11]’1(6 ontwikkeling. 136 8061313311 31111111 u 11331· 11111111663161· 6112001711101
hij (1611 1110163301· 611 (16 00111111663 (16 1(113ρ316ζ Wij 2666611ῑ (16 (111-363116. is. of

