40
(1011666-(1101661 van ondorscheidene studenten (Dogmatiek).

De Lyriek 16 6611 21011 116571136611 van 66 11160111611, 616 over 0116 116616011611,
16666 66616001· 661 111611 6611 gyelnid 66611. De diepste smartoverweldiging 611
06116111571116 16 61 6611, 616 11161111161 6111611611 11611. Ζ16 Ρ6. 38 z 14 van 66 berijming.
Klanken voorb 16 1116116611, 21011 16 kunnen 1111611 16 16666 6611 60011 van 065111]-
61116. ’ΣΤ-6116661 661 06Ψο6661166, 511666, 611661, 11166666 1161 661616 6611016 116611,
661 wij 1616 60611, 6611 601116611157 6651611 0111 01126 6011161611 16 herwinnen.

Dat is 1161 661616 11101116111.

De &igenlijkq vrijmaking 1161 111 6611661 1616 6116616, 0111 661 16 1161616611,
111061611 Wij 6161161 111 1161 15762611 Van (1611 157116011611 61011161 111611116611.

Μ611 11611 6611 157116011 66610111 11161161] op 6611 kind, 661 6166116 111111611 bij een
gebroken kruikJ'e. Dan 16 1161 11161 0111 66 2661( 2611, want 616 16 6611 0666161,
111661 0111 (16 6111611, 616 1161 kinderhart 66116061. 111 (16 15711611 11661661 altijd
61111111611; ’116 11161 6611 21011 66610111 57061611 011661 66 001101616 11111116 van
1161 1666 ; 111661· 6611 voelen: 616 6111611 16 61601116 6611 klauw van 1161 11611161006
1116611, 661 611611 11611. Uit 1161 ,611 11116116 160116111” 011161661 1161 157116011 beses.
Wis'c 111611, 611 66116 665761 16 αἱ (16 6111611, 6611 2011 111611 11161 200 gedrukt zijn;
111661 ,111161 66 111666 57001· ’1 616616, 661 Romen kan, maakt 0116 106611661. Α16
6611 leger in 6611 viJandig 16116 6611116101011 van 3 01 4 man 0111111061, 6611 21111
6626 op 21011 2611 11161 665166111311, 111661 0111616613 66 111666 (1001 1161 106661 (161
6011161 611 66101011 1161 66116616 16661 11016611 261. Dat 16 1161, wat 66 21616
1061160671, 616 6111611 0116 11611; We voelen 661 611 1666 6611 11111116 16 van de 6111611,
(116 616 6611 61116610026 wolk over ons leven 1161161, 611 (116 Wij bij bekervollen
21111611 uitdrinken.

Daarom 2661 66 Ρ661111161 200 60110011; ,,Α1 uw baren 66611 over mij 116611 ;”
66 66116 6011 6661 11161 voorbij 01 66 andere 1101111 611 1111 66 576116 611116611
616666 11006616 op 0116 6611. Dat 16 6657061611, 111 66 0011016616 6111611 6611 drup-
peltje van (1611 regen-wolk, 6611 61111616 6011 van 6611 vollen 0066611 16 21611, 661
16 1161 1571160116 106661.

111 66 twaede plaa‘cs, 666111166 661116111161166116, 16 6611 576161601116, 661 66 2161
’6571111161116116011 666161116 21]. Bi] 1161 11]·6611 6116611 16 6611061611, 1106ν661 111611
2611 11561, 16 1106 66611 15711611. Dan 66161, 616 ik op een sohip 616, ’661 166661006
wrak 666166611 16, 611 6661 11161 6116611 616, 111661 11161 66 66116616 10611161161116,
611 11161 6116611 17001· (111 6011661116 1166116610611, 111661 voor 6116 6011611611, 616 21011 011661
61611 6101111 bevinden 611 6611 66 5710667611 611 1111166160 van 616 2661166611, 616
601116101657611 611 111 611126116 611661611 116111661611, denk, 6611 66161511016111610011·
sortium malorum door mij begrepen 611 110161 66 601116 1571160116 66661 over
mi] vaardig. Η61 1166111661 661 116166 111061 111 1111] 5176111611 0111 1111] vri] 16111611611
van mijn 616611 6111611.

Dus tWee 11101116111611 21111 1100(116;

