119
college-dictaat van underscheidene sssudenten (Dogmatiek).

Resulbaat 16 (161·11111176, (1111 xvij, (16 δαιμονιζόμενοι 66ι (16 11111 (161· inspirati&
genOlnon7 bovinden, (1111 17171] 11161· 16 (16611 1161111611 11161 1171766 6611661 1761661111-
1611(16 verschijnselc=¹113 (1111 26 11161 21111 6611 μίμησις 17116 (16 1166616166 6161616166
(1661· 51111111, 11111111· (1111 26 16161661 6611616611 6611 61611( 1161116666 medon 11161
(16 11161111 1116 111161111166ᾱ 171111 66111111166116 21](16.

Dc, Χαρίσματα.
136661 111611 111 1161 N. T 17111 (16 (111111166111111, (16 (11666611,1116 (1111 (1611111 111611

1616161111 111111 1161 1716661616 1116161161116,1111116166 1161 26116 17661 6611 (1661 (1611
61111111 36111666 116611.

136 vra-ag 16 (1116 of 61· 11161· Wffltkolijk 6611 1161116666, ’1 21] 111 16, ’1 21] 111
forma 1661 (16 inspirati&¹ gegeven is? Voor 1171] (1626 17111116· 1161161117661·(1611,
11166166 wij 6611161· 66161 6119111111, 1717111 Χαρίσματα 21311.

111 (16 616666116111κ6 1111111111· 16 666 1111111661, (1626 16 17616611111611(1 1111111· (16 1761·-
mogens; bij (1611 6611 6111111 1161 1761166666 171111 ’1 1111611661, bij (1611 ander van
(166 11711, bij (1611 (161(16 van 1161 361661 ((16 αἴσθησις) 111661· op (1611 voorgrond.
Ζ6116 111 (16 611(161661161(16116 1116666 171111 (111 611(161·661161(1 Op 16 1116111611.

1316 1616166666 21111 1116 (16 1316616 616161166116 (11111161116111611 111 666 1111111616
136611 26 1176116611 11161 11116611 11116116616661, 611116611 611 1666111161, 11111111· 26 worden
ο·61ρ]1116661·(1 op hapa-alde 1711111111111 111 1 1617611 611 (1111 2111111761 111611 11661111,
11116111611.Τ11661 16 (16 1111(161( 11111116 11116 171111 6611 111616116611 1761616066 op 6611
hep-aude 17111111116 111 ’1 1617611.Η“61(161·1161(1 11.17.16 666 11116111,11161 6611 11611116
1116161166116 1116111 11111111· 6611 1)6])11111(1 6161161 op (16 616161166116 1ζ1’11(111 171111 1161
(16111166. Dat denken Rau ook 111 1161 (116116 gaam 611 (11111 krijgt 111611 ]”11161
(111161611161(1, 11111111· 1111111 1161 111 1161 6611616 1161111166 111111 (16 66661171111116, (11111 16
1161 1161(161“. “

136 1111611166 21311 (1116 1116 ’1 11711176 (16 111611111116111611, 11711111’(1661· (16 1116161166116
16116111 op 6611 1166111116 1616 11761111 geriem, 6176111116 111 6611 sam-iel< 6611 2611116
16116111 11161· 6611 6166111111111161·, (111111 6611 stoomzaag, ,ις-11616 6611 6166111116617 111
bewegmg boengt. 1362611(16 1666111 116611 111] (1611 6611 111661· 111111666611166116
(1161116, bij (1611 ander 111661· 1(111111·1161(1 171111 61666116. Ζ66 611(161·661161(11 111611 111]
(1611 wil: 111666, (1661·1116161161161ᾱ, (166126111116617611116666 6112. Ζ66 16 66111511811111-
6661·611(1 11116111 6611 661111111111116 171111 (16 1116161166116 161161116617111111711661111611661
111 verb-and 11161 1161 organiseh 1761116661 171111 (1611 16666166 6112. 6112.

136 bepaling 171111 1161 11116111 11611191 (1116 111 ;

(16616 17116 (1611 1ςο611166;

(16616 171111 (16 mogelijkheden 171111 61116 1116161166116 1(1·11(“111;

(16616 171111 (16 661611111111166 6161611166.

136 16611166 17116 (111 61166 liggen 111 166161· 1116116611, 11111111·17611·611766·(161116661611
14616611 11161 161 ontwikkeling3 61· 16 ,3116111661 1761·661111; 11116166 6611 21111 26

