46

college-dictaat van onderscheidene studenten (Dogmatiek).
die 566161611511161111611 11611 (116 666611, 661 zijn de 5³9³. de ¹732, de 0⁸3³} Hun

doen werdt 111 66 Spreuken 661( 6611661116 ³³71& 1161 15 66 μωρία, 66 61Ν66511616
66261 11761616.

Dat diegene‚ die 21611 6611 6626 6116111116 toewijdden 111611616666 beschouwd
werden 615 6611 aszonderlijk 56611 1116115611611 blijkt 6. 6. 1111 66 111666 bij J esaja:
„Waar 15 66 91165161, 66 Wijze, (16 9161661ῗ)” 611 69 161 11611 6116616 916615611
werdt 116651 6611 91165161· 611 6611 9161661 66 11171126 6611661116, 615 616 1161 17611( 1611
66666 1616611. ⁴

Van den beginne 15 (1115 66 6116161161 69661161 615 611115611, 11161 6111156116 6666611116
611 6111156116 11111; 11161 111 6611 2111 van ,,6616616”, 111661 van hem, (11616661161761

66 59611615 611 666661662611 51661; (116 11161 211 111 1161 665166116 661· ῡᾞξ 61.

Ρ5. 1 ; 1.

111 (16 1666111176616166 111661561169911 15 6611 5161116 5691116116 1655611611 11611, (116
111-666611 611 66116611611 1162661ς611, 21611 6111 66611 11611( bekommeren en in 66
566161611611 111611 516611 11611 6611 1666 611 661116611 611661, 611 11611, (116 6611 6611661
ander leven 1616611, 6611 66611 6611166165 611 11116661] 66111161] 611 111 511116 66(15ν1116111
111111 (166611 66611116116611. ZOO 11765 1161 661( 16 ι161115616111 111 662611 1116, 611 661(
16611 werden 66 1116115611611, (116 11161 161 616 59611615116116616611, 6661· 11611 66561666
611 1165961. En 1717661 66 166516116 266 15, 1161111 1111 (16 5161111116 (1665 611 61611111;
111161 21] 21111 1116166161126116, 616 117611661611 111 (1611 1666 (161666661662611 611
2111611 69 ’1 665166116661 59611615, 111661· 21], 616 11161 516611 69 (1611 weg 661· 2611-
(161611 611 666 611 1166111 111111 11151 1171116611 111 1161 overpeinzen 11611 's Heeren 11761.

Die Chokma 1111 van 151661 15 1161261166 ν61’56111]11561 615 bij (16 Grieken 66
9111165691116, 111661 11661 (1611 6616 11611 151661 611 661 66116616 6961111611116 61666
66 6116111116 16611 6611 6611661 versehillend Rarakter. En 611 1161561111 116516116
11161111, 661 66 9111165691116 1161111 1111 66161166116, (16 6116111116 11111161 onmiddellijke
16176115166561. Ε611 16116115116561, 1117661 1161 1711661116111611 661 116111111116156111]11561611
11166 611661· 1166169611 15. Ε611 1666 15 11161 6116115115611, hij 1161161 66 116111111 11661·
21]·11 11176666 1161166111. De Β61161161151 2661; 11161 11611 ik en (1661 15 66 1161111111.
De goede beschouwing 15 616 661· schrift, (161 (16 1116115611 116611 111616116611 6611
2161 611 6611 1161166111, 111661 1166 6611 66166; 66 116111111· 615 μικροκόσμος.

Waar 66 9111165691116 (16 61116611 611611156611, 611 11161161161 11711 66161166 161 66
kennis der dingen, 16611 (16 0116116111 61166156111 611 6661 6661161161 16 werk.
Evenals de mensch 116611 zekere notiones 111116111766 615 171111161652111, 1661115116-
561, 6611661 11661 1111121611 6112, 266 1166111111 661( 1761111611116 6611 2611616 sapientia,
(116 166611 66 561611116 6116151661, 11161 1161 6617616 15 17611 1111611661116616 ontwik-
kelfflg, 111661 611111166611111( 1111 1161 16116115116561 69117611. ’16116661 661 111611 66
11111516 mannen ,1711161 (111661 (16 6666166166 1116111616; 161-11111 6611 2661· 6616616

