3.
{Uib (16 00012101111811610 061· Η611186 80111111 110181, 061 06 11611186

(16661, (116 60 111 11661 60166111 'en 111 0611 8610011186 86111181,2611“ 06
610011661166108 heeft over 6116 86601111160, 016 over de Christelijke 106111-
(16016 of over den Christelijken wandel 1112611. 1361 2111116 8660101160
00161660 60 00161660 11106160, 11001 211116 0012661( 10 06 000026116111116
611661111611108 11611 1161 110111 (161 0166111610, 200016 1161 10011081 10 060
0001 20006 611 0111161108 benevelden dampkring 1160 006 leven. Το011
00111611 0110000261161111( 11661660 van 00011011616611 86611621116 van den
11110111, 001 0661· 11616 0111066108 16 ebrevem een plioht, (116 20011161 11001
(16 11611( 616 1101166111 86101, 616 11001· (1611 8610011186 116111001161. 13626 16
zoe-ken beslissing 011 16 6116011101 of relatief. 361611611006126116111001161
0001· 611( 8610011186 11001 21011 2611 worden 86200111 611 11001 ’t 1101166ῑο
(161 kerk door 11616 0011011160 of synoden3 6116010111 066160168611, 0. 1.
11001 6611 16061 8610600, 611006 86106110 611 6601686111116 conscientie
bindend, geefb (1626 0661166108 6116611 06 Η611186 (16661, 6016116006 10
de Schrift zelve. We] 1161 1161 21011 op 21011 2611 06011611, 061 6611 61200-
06111111 0186611, 0111 10 1166111 (166 1161118611 (1666166 0626 absolute 1166116-
61118 16 861160, ware 1118661610, 6611 welk 0186611 616060 06 0016110661·-
10611108 0001 1086111118 066 1161118611 (1666166 2011 1006160 8611661-110180
2110, 10661· ware 011 200, (1611 200 (1626 111616111118 pertinent en duidelijIz
hebben 10061611 111661681111160, wat 016116 866011160; 601100116 601111116011
00011 21011 2611 Weersproken hebben, wat (0.1. 1686061116116011116116
86601060. 136 11611186 80111111 (16616016860, 016 van zulk 6606 1061611108
8611661 21111181, 6160111 een reohtstreeksoh 0001601 van de 6010111611 (1006
10 06 50111111, 1061 1161 0001· (1611 (16661 1611101116 bewustzijn 1160 (1611
8610011186; 611 wil, 061 00061 111616100260 611110 611 111016161108 (1626
2611610610 616 eene genadegave 6611 (1611 8610011186 10611010637

13626 materie 16 86111001111111 86006100 016 11611 0611 „supremus judex⁷⁷ en
86101 6611 611110, 016 met Rome 16 86110610 11106116 06 116101016116. Bij 000110-
ν61660 11661161 06 kerk, 261 Rome, en 06 kerk 001011066106 10 (1611 11606. 136
1161110110616 261060, (161 (111 0161 6608108. Want 616 men vorgelock7 wat (10

