59

college-dictasti] van onderscheidene studentem (Dogmatiek).

010 21011 in samenhang om 1101 101110 11110 0111101110 0100000100, 1111001001100 011
1110110 100110111011, 1111111 111 (10 111111110110100 1011011 10 000011100.

1101 Εο00 maakt (1110 11101 11110011 11111, (1001· 111 1110010011 10 1110110011 111111
000011100 10; 11111111· 0οκ (10010111 1101 (10 0011011110 0111-0111011, (110 11011101 (10 1011011
1110011, 0111001(1 011 0001111111111.

En nu begrijpen wij 001(, 11111111001 (10 00100110 01011101 200 1111 11110 (1011 1111100
1101111101 10, 111111110111 (10 00100110 000210 010001 1111 (1001100101001100111001·11(11111111,
011 001( 1100 011 111111 0110111001 1100011 1101 0010011 0011100 011 (10 01010110, 110121]
0020 1101 1101100011 01 (10 1001100101 10011011.

De 00001110011001(011 111111 11021111 011 8111111101, (10 1110010100 00 Κο11100011 21311
0001100010 00100110 0011000100011. 1011001110 111 (10 Αο11010, (10 111110 011 (10
Odyssea 11010011 00110000 1110 Αο1111100 011 (10 21111011, 11111111· 11011101 11011 1100 0011
0000011010Ιο 000011, 010 (10 01001111]Κο 11011(1111·1110 10 111111 111111 (110 11010011 (1000
(0011 0000011101010, 11111111111111 (10 00110 110111 011111] 111001 11001· (10 (111οΚ011 011 (10
11110010 1101111 11001· (10 1110311000, 10111111] (10 11010, (110 (1011 0101100100 000 00 21311
111100 110011, 011011111111), 200 001( 1101111011 wi] lm. 111 8111111101 111 (1011 011130 1110-
001100 13111110 011 811111 0011 010010 00101(. 111 11011 21011 wi] 11010011; 0111 11011110011
21011 wi] 11010011 1110 jonathan, Gon-ath 0112.. 011 11011101 (110 01000 111111 11010011,
(110 111 111010 110110ον00 011001· 10 (10011 11001· (10 Ηο11101100110 11010011, 111011(1 0011
(100, (110 (10 01001111]Κο 110101 011 101001· 10. De eigenlijko 110101 111 (10 111110 10 11101
Αο1111100, 11111111· 10 (10 1111111 111111 1111110, 200 001( 111 8111111101, 011 111111011111 (10 000011
1111 (1011 11101000, (110 01000101( 0001 811111 bij (10 0101010000 10 Endos 11101000
0000200111 00 00111110010000. Ζο0 001( 111 1021111 011 3101110100101101(10(1Α111111011110,
010 011110 110011 100011 (10 110020 (1110010000 011 11101 (10 11100000 (101 Ρ11111011311011,
011 111 0011 011110 001· 11010011 21011 wi] 01001110 0011 011001 111111 1111111 111 (1011 111110
(1000 1100101011 1110.

Vandaar 11001011 (1020 110οΚ011 011111· 00 11010011, (110 01· 111 00110000, 1110101
ι1021111 0011 11010 0001111010, 21111 1101 111 (10 1110010100 11001101110110 (10 11010011, (110
00 0011 1100101000 1100011, ι111 10 01· 20110 sps-ake 111111 00110 11010111 13011001. 001(
111 8111111101 21011 Wij 1101201100 011 111110011 Wij 111 00 Κο111110011 00 11110101011110
van 111100 11]1(00, van 1101 60001111( 011 1101 1101010101( 111111 81111111, (1111 1111 111
Egypte, 01111 111 400011110 1101101111111110 00110001.

Ζο0 0011001011 Wij 1100 10 1110020 1110101100110 11000011 1101 Εο00 211. 170100113Κο0 wi]
(111111 1111 01000 00 Κ1011101(011, (11111 21111011 1111] 11001011, 011100 ΞἮἹΠΞ 1010 0011001
11110010 Zijn. ⁵

We] ZiJ'n vele 0000011011 111 00 Κ1·011101(00, 111 (10 Κο11111000 011 111 8111111101
0011110 11111111· 0111110111 21111 zi] 1100 11101 0010011. 1101 1100111 (101- κ1“011101(011 10
0011001 11110010; 1101 11001111 11101 Adam 011 Eva, 00011 110010 00011101110100101010;
1002101 00 00110111101110000 1111 000 10011001101111( 000011111; 110011 1101 1(111·111(101“ 111111

