219
Collega-dictam van underscheidene studenten (Dogmatiek).

conscientie Of uwe 111119. Τ9911 1(9111111911 (19 91991199 2191911, (119 9911119911991119
(11999911 over 999(1 911 1(1111111(1, 9112. Die 1191111911 19911 9911991(1; (1111 1191 111111 (19
9919111911 (919119. Ζ111119911(1911; 111121111 1111111(111111; 11111111· (19 11111(9111911991(19, (1111211
21911119(1(1911 1191·9191; 111111119 99199919111991191111911 99111911991111191991)9911111(1(1991911;
a) nawerkingen van (19 Κ911(; b) 919911 111219111911. Dit 1191) 911 911 (19 1111191191(
911 (19 Α111111111111919111 1119111191 1191( 1191119 11111111. En 1111 1191 (19 91191919 (191·
reformatorem 11191111, (1111 211 111 (19 auotoritas S. ὃ911111111119 91111(9111911 21111 911
111111 (19 Κ911( 911 111111 (19 Mystiok.

Nu 9911991911 111111, (1111 (1929 (1111199119 mes 119911 299 1(191111, 1119 (19 menschen
111 (1911 1119 (191· 11919111111119. 01129 11191919 19 ν(·1911“119(1; 111199 911111111 (111(19
9911991911119, 911 (19 111119, 91) (19 919911 111219111911. 1)(1911 2999111 11( 1111 91·1(911 (19
111119111911 (191 11911199 89111111, 11111111 11( 299 91 bij: „wat 91 111 (119 99111111919111,
11991191 99119 1111111919 1111191·11911”, (11111 9111111 91 11991· 11111 111919 111 (119 89111111, (11111
wat (119 1919999 11919111911 11111 19911. Ζ99 19 11991 11111 (19 991919 (1919111911 van
minder 1191-11119 (11111 (19 19199119. Dan 111111 11( 991( 91199(119111199 111111 (119 11119999
111119111911 11.1. 111111 (1911 9191119 91191 911 991991, wat (19 9191119 2991, (1111 11( 99199-
11911 111991. Εν9111119, 9111119991· 11( 11191· 111 Ν9(191·11111(1 111-11191911 9911 1)(11199119
bron 111991 (111111(911, 11( 111911 911 1191 9111931 van (19 1199911, 299 91119 111911 111 (19
Middeleeuwffl arf 911 (1911 9191119. Ζ99 9911991911 wi] (191111119111911 9111119111111119
1999911911 1111919111119 911 119191119111199; 11( 111991 91 (19 perspicuitas 1199(12111(91111(
bij 1191111911, (1111(1111 11( 299 99191 (19 1119291111]1(9 11919111911 Van (19 schrift 11111.

De perspicuitas S. S. z‘egyemwer <Ze lucrarclzz'o.

Beide 919111111911 199, (1111 (19 119919 111 (19 11911199 &christ 111111 (19 1119119911911
9911 9911111 gaf, waarin 99119991111(1(191911 11991 1(111111(9 1119119911911 21111. Maur
op welko 1111111191 21111 (119 99119991111(1(191911 111 (19 »891111111> Twee 9911911911 21111
9199911119 Ten 10 ,(119 1119(1191111911 1(111111911 91 991111191111199111 911 11191 99111·1111(9-
1111111111121119 1111199911 ; 20 (19 11911199 &christ kar] 9911 1199111991( 11191 99119991111(1(191911
21111. 111 1191 κ»Δ 9911111 1(1111 (19 1(111111(9 2911 1191 111911191111 119111911; 111 1191 2119911111
heeft 1111 1199919 9911 (191(191, (119 1191 recept 11991991111111 911 9911 111)911191(91, (119
(1111 1(111111 11111111(1. Η91 1⁶³ 19 (19 991919111199199 ; 1191 20 (191119191911199119 9111111111119.
Μ11111 2999911 (19 991919111199111911 nu: ,,19(191 kal] 299 11111111· 1191111911 911(1191119(11ν
91111911 911 19999119111(911191 van (1199111911 (199 Woords 19 9191999191) Ν9911. Do
991·91’91·111991·(1911 991911 (19 1111111199 (1991 God zelf ingosteld. Μ11111 9191 99119ῑ 911
9911 11119119 21111 11191 9919991999, 11111111· 1199 99911 1111191911, (11111 19 (19 11111119, 11911-
11911 (119 9919919991] aar] (19 'schrift 1111 111919.) Dan antwoorden Wij: ,,211 1191111911
91· 11991 tumst Ν99 9911 119919. (19911 111911 11111 9911 1199919911 11991( — (11111 1(111111(
(1911 1111191111 29111 1199 We] 19 11191911 Romen, 1119 11( 91991119 1199919911 1991; 11111111·
9911 99119111199111111 1(1111 11( 119911 2911 9111911191911, (11191-11991· 19 (19 119199911, (1191191
1(9111, 1199919. Zoo 2999911 (19 991·91’91’111991·(1911; ,(19 991(19ν19911 111991911 1991911 (19

