2:3⁴2
college-dictaat van onderscheidene studentem (Dogmatiek].

1001ζο 11011 0110010κο0, (101 (111 (1100011 11101 κ011111000101ᾶ 21]11. We] 0010001
Rome 21011 op 0011111111111010010011 011. „op (102011 Petrus 201 Ik 11111110 0011100010
0001110077 Of „wat 01] 01101011 21111 00 00100 002.”

Α111111001(1. a) Deze 1001ζο gelde 2001 000001(1011]κ (10 0000101011; 00011 2111100111
10 01 van, (101 (111001(1011 201111001001001101100 (10 0000101011. De 0000101011 21]0 000
unicum 111 (10 schrift, 00110 11010(·111]111110 (110 11101 0010001001(1 11101111. Ηο1 0100-
010100 (101 1110010010 110011 111001 0011 101 11011 0000101011, 11101 111001.

b) De apostelen zelf 1100000 hun 10210111 111 (10 waarheid 11101 000021οᾶ 10
(11011 2111, 1111001111 Rome ’1 00200 11011 (1011 00110 111111 101011 001(1011. De apostelen
110(1(1011 000 10210111 111 (10 80111111, 00001111 101 11111100 werkzaamheden 11.1. 010
1101 Woord Gsods 101 (10 kerk 01101 0001111011 10 01011000. Waren 01 0000011100
010101· 11011 (011 (110 21]11 01 0011110001), (1011 1110011100 21] 00011 00011111( van (10 (1001·
God 111111 00001101111011 11100111, Ζο00011(10;Ζ(101100111111] God 00000110001·(1, - 110100-
lijk 1101 00001111 1110001100 13011110 00 Ρο111110; Ρο111110 00 Barnabas 0112. Νο10000
2001 (1011 0011 0000101 010 0011 010000 (100 (1000100 ,,200 00011110011011] Goffl.
Neon! 21] 1101000011 21011 2011 00 (10 80111111 011 110100 (10 0011100010 01 bij.

c) Α10 21111( 000 0100011 111 (10 0000101οΠ 2011 00001100 1111010 00010001, (100 had
’1 0000000110 of 00000110 111001011 21]11. 10 (101 11101 ’t 001101, (100 011301, (1011101
0000101001 γ11101 (11011 2111 110011 001100. Wat 21011 11111] nu‘? Van 000 00011001ᾱ10
0000101001 10 00011 001000. Νο100110; in 00011 001101 0000 (10 andere 000010100
11001 Petrus 0111 0000 0001100100. 111100011ᾱοοΙ 010000110100 (101 11011( worden
0011001οᾱ 00 Petrus 011 ι10000110 ’011 (1011011000 00 0011 11111 011 010 ,010101100-
1·00111101”. En Paulus 0101011(10011 0101 0110011, (101 21]11 00200 011011 1101101111 010
(101 11011 (10 andere 0000101011, 01001· 10 Antiochi& 1110101 111] 20110 Petrus 1111. En 010
Ρο11·110 2011 101 (10 11001110 1101111, (101 001< (10 1101000011 (1001 11000011 000 (10
0010110, (1011 1101111 (111 11101 (1001 00110 110111 1111100101110 11011010, 111001· (1001· 000
expres 00100οᾱ 11101000. Ζο11 111] ex cathedra infallabiliter 001·οΚ011, (1011 1110001
111] 1111 21011 2011 (110 11001110 00110(1 11000011 11011000 01010.

(Ζ) ῌο(1(1011 1111] 111 1101 0000101001 2011( 0011 1001011100 011 11100 (1020 111 het
geloof (101 11011( 0000000100, (1011 2011 in (10 001010. 11](1011 01] 0111011 1111101000οΙ
(10 1000000100 01 11011 11100100 0011100,κ121]11 00 (10 0000101011. 1110011100 21111( 0011011
1001110110 0(1 apostolos 10 00100110 0010110. 111100011(1001 op 1101 001010 convent
10 J 0111201001 11011100 000111; 01000111010 00 00000101011,11101010 00110 0001100100 ve
0011011, 111001 0110 (1100110010 011 aldam· 2001.1000011011101; 200 00011000111111] God ψ
111001 111011 00100111 11011 0111011110, experienti& ,,110(10111001 1111] 21011, (1010011ᾶο
1100100011 (1001 11000011 0112.” Do 0001100100 10 (1110 00110111011 (1001-0000101011 011
0100011010 011 (10 11110010οκ is stennende (10 010111110111011 011 1110011101111110. 11.
(10 00111100 110 (10 0000101011 11110100 wi] 001< 11010000, (101 (100000101100110 001100
010 (10 0011010010 van (10 0000101011 20101011 01110101 21]11. Α11000 21011 1111] (100

