213
Collega-dictam van underscheidene studenten (Dogmatiek).

1Θ Μ611 111661 (1611 mest-<md van 1611161 11161 zoo 1(1611116116611 1166161611611, 111661
daal* Ζ66 111616 111111 6111111“111(; (1661 (16661111(61· 6111616 111111 16111616 111616116, 111661
111611 1111611 Ζ1611, (1111 16611 (16 1116136116 (161· ΟΙ1116161111(6 Κ611((16Ζ611”(16 1111116 11161111.
Α111](1 61116 1161 111 (16 ChristeHJke Kerk 1111111 (1611 16661; 11161 11616 6661611, 11161
11616 111111Ζ611. Ν661111 111611 (111 61111161111111 111111, (11111 21111611111111116611161166611611111-
ders 111111111611. Η61 611111 611611Ζ66 11161 (16 13116611161116611. David 111116 11161 6611 11111111.
11611166, 11111111 6611 zondig 1116116611; (1111 111661611 11111] 111111611111611.

20 Wij 111661611 11161 1111161661 11111111 1111111111116116 16 111611( 6111111. Wij 111661611
op (16 161611( 61611611 (16 6116611111(1161(1 onzes 166611611111(161·6. Zij (16611 611 (16 111661(-
61661, 111661 zij 1161 66Ζ116 111111 (16 86111111 661611 611 111161 (16611 zi] 611(161“ (11611
66111111 hun best (116 schrift 16 61111611111111611.

3Θ Dan 111661 opgekomen 166611 111111116 6111)111·111111111161161(1. Zij 11611(1611 66116
111116111, (116 (16 661166161111611 1)611(1; (116 661111111611 zi] 111666116611611611116161111(1616
11661 111 (16 11111616. 1111, zij 6611661611 1111 16666 hun 616611 111116111616661161(1 11116611
11](111611( van 50 ι1111611.

Voorts (116 6111161 Ζ611Ί 1(111111611 1116 1)(1611111161611 1166· 11161 11161661 1111111611, 11111111·
(16 1116616 6111111116661111166116 1(1·1116·611 1(111111611 (1111 11161 6116111111611 1166111611161·1111.

40 Ook op 1611616116 661116(1 611111 (16 611111. 011716 166611611111(1616 11111161]
1161 8611111161116. 161·116·(111116611 611 Ζ661(611 61· 11661· 111 (16 1116111616 61611611 1161
Α1’166116 161161161166111661. 11161166 1(111111111 111611 11161 111 66116. Ε6161 61111(611(16111611
0111161116 (16(111616, 11111111· 11161(1 zijne 1611616666 116661161(1 1161; (1111111111 zei 111611;
(1111161116 111616 1166 16 11661 61161 111111 1161 8611111161116 611 1161 116666 111 116111 16
6116166116111611 111111 (16 Α611616. Ζ66 611111 111611 161116· tot (16 11611(16Ζί116 111111 Sem
611 116111161111 (116. Ζ11 61611611 1161 111-1661161166661611 11661611(11161161111111111616116611
Β66(1(111161116 111. Ε11 11111111 11111 1111 11161611, (1111 (116 1111111116161166116 11111 (161·111(11’6’1·6
1(1161611611611166166111116· 611 onz<=delijkl1eid werkt, (111111 111661611 xvij 61· 16661111]
11116111611 611 61 11161 66111616 Op 111111111111611. (Α116 11611(611 111111 (1611 Indo-Germaanfflaehen
6111111 21111 Α1ῑ1616ς (1116 Ζ6611161 wi] Ε111’61161111611 1116 (16 1111111316 zijn 11161111111116-
11116611 111111 ,111111161; 611 nu 6111111 61 111 1161 Ο. Τ.; ,,,1111)1161 Ζ111 11611611 111 361116
161116”; (116 1116161316 is 116111111(1; 11111111 Sem bouwde (16 161116 van 11111116 61111611
611 (16 66116616 ChristeliJ'ke Κ611( 11161, (116 11111111611116611 16,661116161(1611161(111(1611 y
111111. En 1161661111( 6112611 1111616111 nu 66116 11161 (1611111166(16111111(16111111116111166116
Β66(1(1111616111)

50 Tor 1111116161 111611111116 661( 6166111111(6 Α11616661161(. Zij 1166111111 (111111 16166111,
wazu· (16 1111111111] 66661116(11 op 6611 hep-&ald 1111111 611 11161 611 (1111 punt, (11112 >< 2
66611 3 16. D. W. z.: Er 1166111111] 61) 611( 16116111 (166 16116116 61116111111114 wazu· 1111
(16 6111161( 111111111111 611 (1111 11111611111116611 16116111, (111111 111661 661166111611. (Wij
111661611 (11111 66161 zorgvuldig 6166111611 11116 1)61·«,1161·1(611, 111 1166661111(16116-61161(-
ken, 11111111 (116 11161 116116611611 611 111611(111111611 1161’(1(·(116(1. 11111611 ij (1111111111616311

