73
college—dictaat van onderscheidene studenten (Dogmatiek).

51011101 11001· (16 werking van 111111611 111. Voorbereiding (111111-11001· 1118 (11151111161
1111111161611 01 (11111,1·111,(1111211 1111(0011·61611 8611166115611110061111( 111 (11611 (16651111166111611.

4. De [aspen-atie.

Wanneer 111611 1111 111-111181 1106 (116 111501111116 111 61861111111611 2111 bij (1626 1110161611
21611 111116, (11111 11011161] Wij 101 136111. 18 ; 136622. a „En ik 211111111116 0100111611
111 21111611 11101111 86ν611,” (1111 15 1161 618611111116 1011111161· van 66110101661. 1111
50166111 11161 1111111 618611 11111111, 11111111 2001115 (1011116111 86110(1611116611. Τ611 661516
5111111 1161 010161151116 (1115 16861101761 (10 1161(16115(·116 117111112688615; 1611 11116606
15 1161 11161 6611 verhoogd zelsbewustzijn, 11111111· 6611 5111611611 van (16 11100111611
(165 Η661611; 1611 (161(16 15 1161 6611 2688611 van (11118611, (116 komel] 21111611. 1311
111111516 15 (16 10615516611 0111 16 21611 01 1161 1711156116 01 661116. 010161611 21111.

8016κ611 Wij 11161· 1111 over (16 111501111116, (11111 111111(161611 11111 11161 111661· over
(16 11(1111111611111 111 1161 0186111660, 11111111· 11116611 01761· 1111111626 111501111116 011(161-
561161(11 van (16 1171156116 611 61101(11111115(·116. 136 1171156116 15 6611 ν61’(11601118“ van
’1 11111·1; (16 6110κ111111156116 6611 ν611161(1611118 van ’1 111216111 111 (16 (11118611. Wat
ν1111 1111 11111111· 16 116111611 1111 (16 1161111111.)

Α15 111861116611 111111111161· ν111(1611 11111, (1111 (16 010161156116 111501111116 1165150110 111
1161 1112611611 van (1611 0101661 111 1161 1·1111(15116511111 (10(15.

111 (16 111510116 1181 6611 168611516111118 11161 (1611 1111111 (10(15; (111 11111(15116511111(10(15
15 (16 111011; (16 111510116 (z ῥεῖν) 1161 11111161, (111-1 1111 (116 111-011 1710611. 111 (1111
ῥεῖν, (1111 5110011161] 15 1111 117661 6611 111166- 01 (1116160186 111(16611118’; 16116111 111611
61· 21611 2611 1111 (11111 (111616(118; 1161·16(1611, 116(1611 611 106κ011151; 161ζ6111 111611
11116611 11161 (1611 51100111, (11111 51661115 11ν66161118ῑ 51100111 111- 01 001111111115; 1161-
ledon 611 1061011151. 111 1161 116511111 1181 111165 111 1161 6611111186, 15 111165 1111110
6611; (111111 15 1161 6611111186 ΞἺᾞ. 111 1161 8000611116 116111115121111, (1. 1. 111 (16 ΡΤΙ
1110611 111165 1116611. 1115110116 611 01016116 vallon (111111 samen. Voor (1611 Messias
was de 01016116 11612611(16 1115 1161 Evam-gene Voor 0115; (1111110111 5111111 61· 5166115ῑ
,,00(1111 (16 01016116 2011 vervuld word0n.” Voor (1611 0101661 111111 51111161] wat
geboekt wordt van 1161 1]61·16(1611 611 Van (16 10611011151. 111 (16 Ρ1016116 5111111
0166165 11612611116 1115 111 ’1 .Ε1Ῑ111186116; (16 01016116 117115 11001 (16 Αο05161611
111510116. 1311010111 861(11 11161 5166(15; ,,Ζ11 1161111611 1110265 611 (16 010161611; 1111611
211Ι (116 11001611.” 1361111111 5111111 van (16 1111111116 101 11611111115 1162115’ 16ν611116561116-
ven. 13111110111 1181 111 1161 1165111111 (16 66111161(1 van vorleden 611 1506Κο11151.

Μ11111 61 15 1108 111661. Sese 1606111 1115101111. 111 (16 86561110(161115 15 111615 11161111’5;
wat vroeger gebeurd 15, 21111111111111115 21111. Er zijn 1(1·11181000611; 111165 κ6611 wem*
161118, mam· 111 anderen νο1111; (16 011111156111100611 waren nu 611 11106861 (162611(16;
1161 15 (16261166 2011(16, 1761101110118, 111-611811 611 51111111. (116 6111111111111111611. Wie (111
1112161, 2161 001( 111661· (16 6611116111 111 1655611611 ν61·16(1611 611 1061011151, 01016116 611
111510116. Η61 86010161661(16 15 11001 116111 1116116115 1116111115, 11111111· 1161 861·6061661’(16

