ξ 19.

Εν611316 166611 6111 (1061113 1101111 0011 166611 (111 (1061113 (16 311610111316
S. scripturae (16 611012116111 van 1161 111666611, (16 (113161111611 (161· 66133111-
1161(1 11311 (16 rodo, 611 (16 111](1 11311 831311111 1161261. Diis 11612611161166611
(1061 111] (16 11111611 (μυσται) (116 36111616611110166116 ’1 testiinonium 66311611
in Zijno 3 stadion 1161-6001111111 0111111116611, 111331 6116111 11161 01111161
16116111 11311 1161 1116101166116 661001 111 16 kriinpon 61111161·(1001(16111111116116
opinio 16 0111116161611611 611 (1611 twijfol 11136111 16 6611611 111] 1161 233(1 (161
116111. Μ61 1131116 111] (131 (1661, 11611116111 door opvoeding, 011166111116 611
studio in 331113111116 1101111 11161 1111116611 1113111111 1161 1116666111, (1616(16 611
Satan hoorsohappij 11061611, 31 11331 6613116 (111 1161261 11311 1161 111666611,
van (16 16(16 of 11311 Satan 11116331, 11161-111 1161 21611 op (16 011(161661161(16116
(1661611 11311 (1611 inhoud (161· Sohrift3 1161 111666611 op (16 2011(16 (161
1161116611, op (16 ἄσκησις 611 op 61111616 601161616 1111011(161’611; (16“16(16 op
31161161 1161111661116 1666116111](1161161(1 611 op 11616661] (16 113111111111116 0111-
11111111611116 van 1161 1110666 610011; Satan op 116111611166 2611 611 21]1111311(1
11161 (16 2161. Τ6661101161 (16 6601236111 113111161111666611161611161·(16(1161116
(161 Η611166 schrift 11161 andei-s 16 61611611 (1311 (16 1111116161116 Van 1161
111666611 door 611161, 23611111106(1161161(1 611 6610016111”36111; 16661101161· (16
1113611111311611 11311 831311 11331 11161 311(161·6 (1311 10611](161116 611 66116(1; 611
(16 11160106166116 1111616116611311 116611 1111611111611(1 op 16 11·6(1611166611 (16
1166111](11116 (1001Ί (16 16116. Β11 optrodon 11136 6611161 11161 3601066116611,
11161(16111661 21]11; maai· 111061 6116161113116611 66661116(1611; 61 111061 331166-
10011(1, (131 (16 1·6(16 111616 111111(161 (1311 6611 11316611 principium cognitionis
611 (13311111 31661611] 6116166111 11311 11136113 61611 16661101161 1161 1111316
principium 11160106136 611 1161 systema (106111313111 (13311111 31661631 611
(11611161166110166 111] 11331 61111611 gech-even wordt door (16 13161116 11136111
van 6611 11316611 11116311661111111, (131 11331 66611 111616 611111 661 (1611611166
&christ 611 11111161111661 1616161163 16 611 316 116123111611116 11311110611611
6611661 116121111016611 111 11331 113(161. 1)11 (1661 11311 (1611 6111111 1101111 11161
voor 16116111116 11311 (16 Disciplina 0311011163 (110611 11311 (16111610116611-6111166116
61361611) maai· 11311 (16 Enoyclopaodie 611 (161306111311611, (116 111611161111111-
6111111111 11160106136 110611 1161 systema (1061113111111 11001· (16 1661111131111
(161 16116 16 16611111331·(116611 116611, 111331 01116611661·(1 (16 incompetentia

