34
college-dictaat van underscheidene studentem (Dogmatiek).

11611116111116 111016611, 11001 (16 1116116116 666 1161116611 (31666166216111ζο1111116116κ11611
over wil 611 1111611661, (1611 111166 (16 111611116116 1111666101611.

Μ661 (16 11611166 (16661 16 (16616611111616611011(1611; Η1] κ611116111616161166116611
wil ook rechtstreeks bereiken, 2011661· 66161 111 ’1 66111066 111 16 66611. Μ611 2161,
661 6611 (16 11616 11001-11661666 van 011116κ66166 1161-6011611, 111661111 Orod, 2011661
(161 21] 116κ6616 21]11, 61200 111111 wi] bewerkt, 661 21] 1616 11001· Hem 101 616116
1116116611 166611 111111 1166061166 111.

Β61261166 661161111 001( 111] 66 1666116116. Wa’c 1161 6611016 16 van (16 201166
616 1161661611, 11616166611 6112. 11110161 11001· (16111101116111 111016611116 1116611161006
66111661ς1. 111 (1611 11611161 261 611 001( 200 21]11, (1661 21111611 611611 66111611116616
1111016611, 111661 (1611 κ01111 611 111166611111( 6001· 6611 1101110111611 ἁγιασμός 11611 1161
66111066.

Bi] (16 86111111111611116116 (1061 (16 Η611166 (16661 dit 11161 6001 (1611 weg 16111161
66111066, 111661 hest Hij 16611161166κ6 (16 161616 working 1161166 201166 op, 111661·-
(1001 1161 1111611661 21611 116161616. Dit 16 66 211111616111610116116,111661011611111
611161ζ6 16. De 11611166 (16661 6061 6611 1116116116 op 11611161616116 11611611 1161
66111066 0111, 11161 16111611116116 111661 01161’6611κ011161166111611161111162611 (166 Η6116611
(1666166 11116116 66661611616 16 6111111066 16 21]11 11611 66 201166. De Η611166 (16661
16 1161 610016 16666611 11611 861611; 111] 60111161111116611 8616116 (16(1611; 611 (1061
(1116 1616Σ 6611661 1111111611 21]11 616611 6611166 1161161166, 616 111] 66 6611016611 (161
201166 11001· 1161 1111611661 1116611661111.

Μ661 1111 21]11 1111] 61 1106 11161. Β11 66161 6116611 11001 1161 1111611661, 611 11111]
hebben ook 11161 (1611 wil 16 1611611611. Want 1161 66116116 6106611111, 661111
’t 1161111116121]11 61166 661111116216 16, 111161 (106 1100616 heeft om 1611161111661611, 111661·
(161 1111 (16 wil ontbreekt 0111 instrument 666 Η661611 16 21]11. Van wil 16 1161111111111(
66611 sprake, 111661 (16 Η611166 616661 21111( 6611 0116111161111660166611 0111161111161
gebmikt. Μ661· 611 16 11161 (16 6611110116 11166ς 1116661 11161111 66 1116011116116116 200,
(161 God 6611 661116111166166 11161 116111116111616 wil (10611 0111166611. En dan 111061
001( 21]11 111ίί 11616116616 worden door 6611 1161116611 Geest. Zoo bv. 111] 10116; 111
21]11 bewustzijn ontbrak 111616 0111 111 Ν1111116 16 66611 6166111611, 111661· 111] wilde
11161 66611. Ζο0 11161 Β1166111; 111] 1111166 161661 66611 1110611611 611 111161 10611, (161
111] 161661 2616611611 1110661. Ν11111. 22 ; 18, 38. Ε11611200111] Μ16116; 111] 11111661161161
616 (16 1161661116 1110161611 111666 11611(011(116611, 111661 111] kon (1611 6611616116 661·
inspirati& 11161 wem-stam] Π Κ1·011. 18 ; 13. En 1161 1116661 111116116 νο01116616 21611
Wij 111] ι1616111111 of ι101. 20 : 9.

