153
College-dictaat van underscheidene studenten (Dogmatiek).

1G De 231ζο van (10 inspiratio 15 200, (13120 1001 1101“001111)311κ van 1101
1131111111111( 13150111101110111 11101 10311 1011 0111110 0011130111, 01111131 (131011301111001 (10
inspirati& 1013101101.

20 Ηο1 51331 11101 (10 231ἰο (101 1115111131ἰο ]11151 200315 11101 (10 231ςο (101 110301-
00000110, (131 (10 νο1201ῐο111110111 331103311ᾱο 110130 31150111115015 21111 van 0011 001001.
. 30 Ηο1 1011 van 110 110301001100110 10311 11101 131105 310311103131101011 11’00,111331·
3110011 1111 1101 bewustzijn 110110201111011. 31. -

40 Degene, (110 0111110111 31 (1020 (11110011 101κ0111011 201ςο1·1101(1 kam 1101111011,
111001 01111111113050115 011 omnisciens wezen 011 kam (1115 3110011 (10 11011100 (10051
21111, 110011 0011 1110115011. Er 15 (1115 000112οκ’01110111 10 0113110011, 0101111001
· 00 ipso 0011 0013100315 (105 Ηο1110011 (1005105 zijn.

50 Waar (10 Ηο11100 (10051 (13310111110111 0013100315 00011, 133κ1 (10 11330 01¹
111] (131 0013100315 3311110111011, 11101 0011 (13305110 11311 (101311 111331 (10 11133οι 15
(10 Ηο11100 010051 ἀξιόπιστοςὶ)

111 (10 Ηο11100 schrift 1101111011 Wij (1115 0011 0013100315 1105 Ηο1110011 (31005105,
(131 3110011 (10 001001100 21011 1ς311, 111331· (131 (10 0110010017100 20115 11101 111 21311
11051331] 1005110311, 1001 miudes in Zijn 1102011 1133111001011 kam.

Maar 1111 11151 00110 1)0(1011κ1110. ζ13, 2001 111011, 111331· (1311 111001 1101 1051111331
van (10 1350113110 0οΚ 013(1 011 effen 21]11; (1311 1110011 (131 11011( (105 Ηο1110011
(51005105 001( 00011 1102113103 01110101011; (1311 11100011 01· 111 (131 111011( 11701 2001
110000 01111001“1]Ῑ1011]1(0 11101110111011 11001110111011, 111331· 111001 01· 10011 0011 111-0010511013
011 11311111101111011013 21111, (110 ik 20115 111] 1001 130010 11001103 113311100111.

Wat 15 11101011 0115 3311100111.)

De Ηο010 031· (1110 5101011ῑ 0011 30511101150110, 1111011001110010 011 0111150110.

(13311 Wij 113 (10 015011011 113, (110 (1011110110011100101010115100151011, (1311 11131011
Wij 5110110 100150110, 51101 1113111011131150110 015011011; 01 111001 0011 11131(κο 1011103101]
effen 11001110 21111, 0011 νο11(0111011 1110011513111110. Α1 11131 11101 effen, 11101 0133,
11101 2111101 15, 21011 11101- 13305 (10 1001110 111331· 131105 110 1101111110 11]·11 170011-
110110001, vindt 111 (10 111101100130010 11701013 00011 1113315.

Τ10(1011 wi] nu 11101 (1020 01501101] (10 0111150110 1101013 1111111011, (13111311110111111
1001· 31101101 1311115015 10 513311. De 111101100130010 11010111 2001; vom· 011( 011001
111001 0011 03353 sufficiens Zijn3 xvij worden voor (13(1011 0011133151, 1133111101
00011 1011011 15 3311 10 001011, (110 1101 1111011001 315 1011103103 3111101111331, ι13 315
01111100·011]’κ 2011 1011131011. 1101 1331511331 (10201 01501103 1111111 111011 111 (11· 513-
115110κ; (1020 20111οῑ 2001001 1110011103, (110151311011 0112. 0011031011 01· ,1331111115 111
0011 131111 011 200 110011 zi] 3110010κο11(1, (131 01 2001001 201111100111011, 03001110
0011001103, (110151311011 0112. ι1331111105 'moestam plaats 1101)1;)011; (11115 0(·111”313111011;
(1311 15 (10 3115113311 00011 3115113311 111001. 1701011110133311,(1311101201101111101011
1110 0030135105 3311113311111) 1131 1101 kall 00110151 worden 111 1101 kades van 1101

