233
college-dictaat van onderscheidene studenten (Dogmatiek).

’ 1901119119 3(1 S. Scsspturam, wel ook op (19 Schriften (191· 3909191911, 111331·
dat 91· 9911 1901119119 2011 3917179991 21]11 101 (19 31109101190119 173(191·9, 31901 91· 9911
1119(19(1991911 17311 (19 χαρίσματα (191· 3110919191] op 11911 2011 3917179991 21]11, 0111111
119139119. 111 (19 (133911 17311 Α1111919 1191-39119 9911 911001· 17311 9911 39233, (131 111
(192911 0991199911 111091. Ν19111311(1 17179191 21911 op 319 apostol. 139 1191291· 109111,
9113 311910111319, (19 0199(1]01η1911 op 911 209111 (19 0010991113 (1001· (1929 1119111319
17311 11131111911. Μ331· 111] 1733111131 1111 (19 (1901919 11191 1111 „auctoritate apostolica”
111331· auctoritate imperiali. En 99191 (1331113 3331 17311 1191791199 (19 110011190119
1019901101) 21011 9911 300910119911 39233109913911911, 111331· 200, (131 (19 11911( 9121011
3111](1 193911 179129119; 9911171791] 13113; 911 99191 131]3231119111311(1 17001· 1191 9191991
217171911119.

139 1111991 31911 (1918(111111 1717331011 Rome 21(11 09109111, 21]11 (1311 001( 31 1012013191·
21717311. 01911913 19 1700131 111111 1191091) op Ρ19(1.12 ; 11 13133333 3133Π '727

mm 7117373133] mm& ’7373 31171133 ffl7T2'1: 7331 Rome 1791113311, (131 (119 17170οᾱ911 (1001
(19 39991911]κ911 3111 (19 3911199319 1179111911 1113901931, 1173111 111 (19 179133119-
11113911 21]11 (19 hisschoppen (19 09(1191131·911 17311 1191 W001-d; 911 (119019901101111911
21]1] (1331109 gestem (1001· (1911 -Ιζ-Ιξ ³317 911 (119 19 91· 111331· 9911 —- 911 (131 19,
2933911 21], (19 113119.

01129 1791111311113. Ε1· 19 11] 11991 ,,(19 Ρ19(11κ91·’7 39911 911001· 17311 9911 0931901113
(199 1111001119, 110011 17311 9911 311101. 1111939113991 (19 ,,(·1191ς3111111’7 (1331111 911 (19
9110111113 19 (19 01111911-1191·1ς911]1(9 17171]91191(1, (119 17171] 17111391] 111 (19 1319311191 91] (19
111(191·9 3 (1101111131190119 bocken. 1191 11700111 ,,1)1·9(11κ91’7 Π’7-1,7 91131 (1311 001( op
(19 ’7,-117 17311 (19 391991·(1911 911 11191171111(911(911]1(97191901311 13( man-x· 21]1] 179133(19-

11113911 111 (19 [1001-,1 11191 1191119111119 179133(191·1113.911 139 ’5373 11191· 21]1] 001( (19

991911919 111 (19 00011, (119 (1331·(1001 39233 11193911. Ζ19 Ρ9.1·)“,,111 (19 1701119-
1791·23111911113911,” 11191 11] (19 119111.

Ἶ3111717331· 11900911 21] (131] (119 11003919 17171]91191(1Ῥ 131911900911 21] 17311 G0d3
11191 (1001· 9113119, 11191 (1001· 21011 2911, 111331· 17311 9911, (119 (19 ιᾜζἾ 19 17311
1191 17011( 11.1. ,,(19 Η991·9”. Ζ10 Sps. 1 ; 23. Ware 1191 3113919, (1311 113(1 001( 111
191391 9911 113119 11109191] 21]11, 1173111 91 19 911131ζ9 11191 17311 109Κο11191139 11191]-
schen, 111331· 17311 1119119911911, (119 10911 19913911.

Verder 1791·1171]2911 (19 11001119011911 11331· Η33331 2:12. 13119 2931 Rome: (19
1111991919 3917911 0991199103 111 23119 (19 11101311, 1173111 171731 170131, 19 99119 099119-
91113 ]11191 111 9911 39901111 01791· (19 11791. En 11] 3911]1(911 2111 Μ31. 2 : Τ. 13119
399011111911 01791· (19 11101311 209111 111911 01] (19 7111991919 19 099190111911. Ε91109171791911,
(131 9911191· (1001· Μ31. :2 : 8 weffl·leg(l 11701111, 17173111 (1331 170131ῑ „Ma-ar 31] (1111991919)
21]1 ε1139ν1791ζ911 17311 (19 171791 911 11901 91· 1791911 (10911 9113109191] 111 (19 171791.)7 -

Rome 0917179911 1111; (10 priosum· (1. i. (19 113119 39911 (19 0019110319 111119331113

