75
Collega-dictam van underscheidene studenten (Dogmatiek).

Ηο1 1001110 11101101 10110115 00 prosatio in (10 111510110. Want ’1 1001110 15 (10
110011 011 (10 115110110100150110 110101110 0111 111 ’1 δρᾶν 10 1110111011.

13111110111 11111101 (10 11111110 of 0011 profect 0011 0000011 5111110 11001· Ζ1]11 zio] krijgt,
111111 1111100 (11110011 af:

1011 1ste of 111] historischen Ζ111 11001’1;

1011 2110 of 111] 0011 100010 001111111110 110011 011 1101 1011011 (101· hope.

1310 111100 Ζ1]11 1100010 0111 (10 inspiratio klaar 011 1101001· 111 71011 10 01111111κκο1011.
Men 1111110 (111 0011101 11101 Ζο0 op, 1115 1111111011 71]1111501111111100010,11111111·Ζο0110110
11111] 111] 1101110010 1011111011 1111011110 01110000, 111111 00 11011100 60051 111] ’1 010101151110
0001011110.

5. Da lcistorisclze 111-011ιῖιί cler profetam.

Hierbij 111111 1010001101 10 0110015011010011. Ε1· Ζ1]11 1110101011 0011110051, (110 01011
111-11010 1101-110111 1101111011 11001· 1101 11110051110111 (11111111 011 111111011 exceptio& 011 01·
71]11 01· 001110051, 010 1101 000011 11001· 111111110 11](10011001011. Α110 1110101011 111-111011
111-(11111011, (110 (10015 111 (10 1001011051, 00015 111 1101 1101100011 01011011, 1110111· 1101
1110010110001 1111111101· 110011 11001· (10 11](10011001011 00111·1101(1; 501115 50111’11’1011]κ,
1110051 0001· 11101100111100 1005010010 130 0100111111ςο 111510110 5111111 11101 111 1111οκ011,
11111111· 15 011 100111 1’011(111]1ς 111 ’1 1)(-1111151Ζ1]11 111111 1101 110110 130 010010 1111101111101
111 00 1111111110 0111115 011 0οΖ0 11001111 111] (10 111-0101011 (11111 001( 1101 100111110110001
111. Allo moseten 1101111011 0οκ 111 (10 100101111510071011, 1111111171] hadden 0011
11110010 10001110, 51001115 011κο1011 011001· 11011 1101111011 11001· 1101 11110051110111 0011101141.
Ε1· 1101111011 0111Ζο1111011 01010100 1111511101 0010010, 011 51001115 111111 0011 1411111101111011
1111] (10 &Schriften 01·01·. Er 15 0115 0011 1110000 01000 van 11011, (110 1110110011110
11110100 11001 111111110 11](10011001011 011 51001115 0011 1110111 001111 11001· 00 1111κ01110-
11110011. Wij 1111]Ζο11 1110100 0111 00 1111150110 11001510111110 1111 10 1001011 1115015 51001115
01111010 0050111111011 11010111011011 111111011 111111 00 1110101011 011 111111 bank 510005 111115
0011110051 11001· 00 10οκ011151 10 1110010011. Neon, (10 100011, 111111110111 1111] (107101110-
10110011 01101 1101111011 1101 11110011 011111111, (1111 111111110 10001110001111110010 111115, 01111
(110 (101· 001110110 1110101011.

Ook (10 5001111011]Κο 111-11010 1100111111 711011 11101, 101 111111 1111] 1110011 000οΧ
110111)011; 1111000000οΙ 111] 110011 Ζ1011 11001 1101-001· 111100511·01ς1; 1111] 11101011 011 1111
00 00οκ011, 010 111 1101 N. T. 11101001] 1111110011111110 011 0011001 of godeeltclijk 10
1001· Ζ1]11 000111111.

Er 15 111110001101 11001111110 111111 1115101150110 11110111111111· 001110051; 1011 001510 (10
11111115 0011001 to 1001· 00011110 11101“κ011 011 1011 1111100110 010, 111111111111 111-01ς51111ςκο11
111 0011 000οΧ zijn 01100110111011 0011101000. 001( 010 11110010 50111111011 (101·1110101011
Ζ1]11 110011111110011 0011110051 011 01000011 0οΚ 11(·1,κ01111101κ 005 1101110011 (1005105ς
(1111 15 00 οΧ1111-000101110 5001111001.

130011 1111111 1111 (1011 50111·11111111·11]κ 111510115011011 11111010 111 0011 00051011 2111 11011011

