207

0011666-(110166111611 ondersoheidene studenten (Dogmatiek).

6116611 615 06 0111151611611 21011 116150111111611 111 661111061(, (1611 011101 0611116161011611.
136610111 1101111 1161 1116650411, 06 11161150116111116 11151 166611 1161 0061116 111 ν61Ζ61;
111661· 110611 (1611 511130 01) 11661 111111Ζ6 611 11161 11661· 616611 1111611611611 — 611 (161
zijn 06 116160111116, 06 5601200111. Zij kennen 11611 06 66116616 80111111 111615 111661
0611 06 66501116061115 11611 Β1166111 611 016 11611 .]0116; (116 1111111611 zij 1111 hun 1161·-
116110; 10011611 11611 (16 06166κ61115 (161 seiten 111615 16 11611611; 611 66611 Ζο0 (16
66116616 80111111 1100151611611. Α15 11160106611 11111111611 11111]Ι 0611 511110 11161 11061611
1666111161 1116650111, zij 6661 1111 11611 0611 (1111151611, 116110611 1165101 611 (16 01106111116611.
1)6610111 66101 11161; ,,1111611)1 1111116 116161611 11161 11001· 06 Ζν111]11611”; 11160106611 (116
11161 66611 511110611, 0606111611 111111 616611 zaak. De wapenen zijn 11161 (16 011115161111ζ6
(161160611; 111611 111061 06 2011061161611, 11166106 1161-5011611 11611161111611 611 1111116111600611.

Η61Ζ61106 66101 11611 (1611 511110 166611 Satan. 861611 11111111610001 0111151115
6611011061] 111665011 111661 111 111161111116 1116116611. 11161-166611 116111166 (16 111601006
111615. 'Peg-en (16 661111601111116611 zijn 616611 1111611611611 111 06 80111111 0116611061110.
1)11 komt 0111061 66611 1116115011, 111661 6116611 06 Η611166 (16651 166611 861611
kan strijden. Bij 661111601111116611 15 111611 1161101611, 615 111611 (1611 51111011161
0116166611 6611 (1611 Η61116611 (16651. Μ10061611 zijn 06611111ε661160,116111061115,
’1 zoeken 11611 06 6611166115011611 (161 1161116611 611 11611 (1611 1161116611 (36651.

We] (1661611166611 15 61 6611 16116111 (1111661011 (16 schrift 11110101 66116611611611),
1111661011 06 111601006 11611 611 111061 (16 allow 111061) 511ῇο611. 1311 16116111 15 1161
5166111610 11611 06 111611501161131ζ6 recle 166611 1161 Woord 11611 (100011 116116116111116111161
1116115(·11611]’κ6 1)611111151Ζ1]11 11166 (16 111601006 (1611 511110 111611111611161005 6611Ζ1611. Alzoo
1661611 11161 1161 136111151116 611 Μ61111011161151116, Η61 136111151116 611 Μ61111011161151116
11661111 6611 111-1001111661 11615011 1166111561 6611. Η61 11166111 111. 061 ’1 (11111516111116
116111115121111 6611 611061 15 0611 ’t menschelijk 11611111151Ζ1111 611 16611, 061 1161111611-
501161111ἰ6 1161111151Ζ1111 111061 116111161160 611 (161 0116111001 ’1 011115161111ζ61161111115121111
111 06 1116615 111061110111611. 11610061 061 110166115 Ζ1]11 616611 5161101111111; (1111(011111111
in hun 0111151010616; Christus 15 110166115 11611 nieuw 111665011611611 111 (16 1116115011-
11610; Hij 0111111116 11161 1161 111665οΙ1 611 01060 11611 Maria. Α110615 (10611 1161 (16
80111111 611 (16 661·61’01111661(16 116111061115. Christus 116111 (16 0110611161150116111κ6
namur 6611, 111661· 116611 (116 6616110116610.

Wat 11611 06 111061-116116 66101 bij 0611 Christus, 66101 611611Ζο0 11001 1161
bewustzijn bij 1161 Woord. Η61 Woord 15 11161 uit 0611 11611161 6611611611 husten
1161 1116115011611111 1161111051Ζ1111 om, 111661· 1161 1170010 11661111 ι111151 1161 01106 111611-
50116111κ6 11611111151Ζ1111 6611 611 16110116611 1161, Op Baptistisch 5161101111111 15 66611
516611610. Wel op Schriftuurlijk 16116111. Want 611 (16 (3111151611611 611 (16 1111616Ιο
116111161611, 06121] op 6611Ζ61106 16116111 0611 1001111106161166116611611. Ζο0 111-116611 wi] 11161·
6611 mixtum. Er 15 6611 terrem,⁸ waar 111615 (1611 (16 6111050116, 611 661116116111 1111661
111615 0611 06 1161116150116 (11116611 16 pas kolnen, 1116111 ook 6611 661116116016116111.

