169
college-dietaat van onderscheidene studentem (Dogmatiek).

11610 ik, behalve (16 Εν6116611611 1106 6611 11116661. 111 66 Εν6116611611 111116 ik,
wat zij van Jezus’ woorden opteekenden. In 66 6906101166116 6660111111611 11610
ik schrifben van menschen, (116 6001 162116 21311 0966νο66 611 6616616 611 616
6116 111111 100666116 (16111616616611 over (16 11169116116 20116611 1161010611 161611 varen,
616 ι162116 26 6166116616 1166. 1Ν61111661· 21] bij 16 861166657616 school waren
6666611, 2011 111] 61 11611 09 6116111 1161111611 6611166111, 661 21] 6611 ν61κ66166 0911116
11666611 over 1161 01166 Τ66161116111. ,1117661- 1111 66 6906161611 3 ι161611 11161 162116
01116666611 1161011611, 11161 116111 1161 01166 Τ66161116111 hebben 66162611 611 1166111-
66616 611 162116 11611 110011 116611 6116111 6611166111 09 111111 17611166166 661106-
16116 611 1161 10611 01111106611111 16 6611 16 116111611, 661 zi] 11161 162116 over 1161
Ο. Τ. 6916κ61166, (116 66170616116 110011 20116611 661111 1161110611 — 6661 111061 (1116
61116116, (16-1 162116 (1626 66170616116 (166166.

20 Bovendien 116611 ε162116 2611 662666, 661 W1j (16 6906161611 111061611 11001611
0111 16 11161611, 1106 H1j was (gelijk 111 1161 1100669116616111111 661166, (161 61 66
1611661611 (1066 νοω-16611 door 11611 111 116111 6610011611 20116611). (161001 1111 1011161
311161 01126 2161611 6611 1161 Woord.

13116 (16 Wijze, vva-amp (16 6906161611 11611 1161 (31166 Τ66161116111 6610111111111611611,
66611 1106 1116616616 26116111616 6611 01126 116111116 van (16 1111326, 11766109 ,162116
1161 Ο. Τ. 6611161111 611 We] 09 610116 (16611611, (161 zi] in 66 6611001 17611 ,162116
1161116616 1161011611 611 211116 661111106616611 11611666, 611 1700116 0111661 162116 2611Ἴ

09 11611 616 213116 6611116611 1717666 611 111611 6116 bij 11611 11661· 21311 6617061611 111101·-
111661611 11611.

Bi] 66 6906161611 1111 11116611 Wij :

Ι. Dat (Ze &dee van inspiratio 0020 bij hen bekencl was.

136 11111761111116 van 6611 1161116611 (16661 09 ’6 menschen bewustzijn‚
waardoor (161 11611711612191 69161( 011661· fluxus Van (1611 1161116611 (16661, was bij
11611 06116116 616 6611 166616 26611, 616 26 we] askeurden 111661· 616 11006616
11111116 666 Η61116611 (1666166 10016611.

Aet. 2 : 4. Wordt (16 11169116116 6616616 200 6060111111 1606611311. 111 11611
kwam 6611 working (166 Η61116611 (1666166 611 1111 691611611 26 1110016611, 616 26
van 16 1101611 110011 6611161111 11666611 611 616 20011111611 1117176111611, 66126 611 100111 ’“
(16 161116 1611166 0111610116611 (ἀποφθέγγεσθαι).

Act. 8 : 29 worden (16 1170016611 66666116616, 616 66 11611166 (16661 101
Philippus sprak.

Rom. 3 : 2 λόγιοι τοῦ Θεοῦ 11161 61111616 1110016611, 111661166611611 01066 ; ἐπιστεύθησαν
wil 2666611, 661 (16 116616 11611 (116 λόγια 116611 106161110111176. Toevertrouwen
nu is: 1616 11161 ik 1161), 6611 6611611661* 6611611161116117611116. 1311611161 (161116911-6116
11170161 111617 666611611, 111661· 662666 (161 1161 1161 61661160111 11611 161661 11161 was.
Wanneer ik 6611 11061 10611 11161 ,,πιστευθε’ίς” 616611 09 1111311 201661, (1611 wil 611

